109 72 47
0 88 115
190 12 127
16 205 187
97 7 147
29 35 114
173 142 194
125 176 238
247 246 96
133 201 131
147 148 195
139 194 137
216 190 64
228 243 82
26 202 44
229 175 54
176 12 221
228 76 138
238 218 168
54 32 162
41 137 227
48 128 212
183 110 226
40 192 118
238 224 251
115 56 220
34 50 132
102 59 93
169 188 209
86 31 77
216 209 57
154 58 1
6 199 16
134 225 208
134 243 172
111 105 14
174 172 97
172 39 17
212 70 134
145 114 46
77 22 112
115 157 186
110 114 116
168 255 11
141 175 232
134 237 118
255 35 32
97 188 80
25 35 114
144 194 240
49 4 52
102 83 169
155 27 186
58 198 210
174 190 91
98 111 191
191 67 106
49 164 199
35 253 63
254 186 62
46 68 46
30 7 121
56 108 140
231 223 207
149 203 175
173 153 148
153 181 235
197 137 30
156 128 152
135 5 194
241 131 9
70 99 214
239 16 148
87 246 174
234 127 142
17 22 160
56 37 78
201 23 2
47 86 39
212 78 40
35 105 112
135 17 105
106 178 125
56 182 24
90 135 165
59 145 141
71 61 60
231 248 28
135 42 151
145 63 26
111 163 13
141 190 221
85 252 242
50 200 185
142 141 156
212 180 6
111 169 96
202 214 23
78 166 148
103 132 66
128 218 140
3 19 220
90 153 158
241 216 60
50 58 32
136 42 181
93 18 102
28 92 158
48 117 199
3 197 75
0 185 150
146 186 19
36 52 43
31 145 74
240 59 218
255 157 69
185 35 248
136 54 91
214 65 219
14 176 224
155 236 215
231 96 42
93 119 68
104 156 142
114 57 117
231 185 98
48 135 192
185 13 250
235 182 122
51 237 172
250 28 250
170 173 206
176 13 147
117 165 180
100 224 156
232 40 180
107 233 105
89 140 36
27 126 81
28 39 89
200 244 168
136 78 168
200 161 195
242 86 102
112 217 249
174 149 232
22 243 158
19 95 133
15 67 8
118 10 146
177 31 140
43 236 99
79 220 128
137 90 78
65 208 56
228 169 168
219 80 10
146 47 200
115 177 76
233 64 1
94 72 82
61 51 170
241 107 114
228 92 23
129 112 2
52 17 159
101 171 87
129 167 150
241 113 198
33 116 81
123 25 164
105 204 39
87 248 70
175 6 108
220 98 3
72 118 118
94 174 48
137 115 154
52 48 33
200 80 46
177 62 44
90 100 134
45 45 166
148 3 248
251 82 230
204 132 218
113 4 63
86 59 128
230 150 8
137 127 64
173 95 149
186 163 112
28 180 61
62 254 101
137 235 84
106 229 115
73 87 47
147 173 242
178 80 37
16 171 52
24 41 138
52 53 145
209 58 180
87 161 94
50 214 248
204 67 239
145 83 172
234 113 154
66 7 36
5 128 180
157 71 182
115 197 147
244 103 184
138 151 141
159 191 126
158 74 246
242 162 94
5 51 35
67 102 174
21 168 107
230 97 195
34 254 34
50 232 241
130 138 157
124 80 144
138 163 51
24 238 242
144 157 56
93 25 111
233 205 2
159 36 92
234 137 230
53 102 13
233 38 57
114 52 216
59 250 82
174 227 18
53 90 132
60 201 17
45 155 37
115 58 43
120 18 140
167 141 179
107 21 12
46 22 1
91 250 252
93 43 105
159 21 177
139 33 63
139 187 127
11 78 219
116 67 189
51 6 145
177 2 192
89 160 182
150 76 221
210 112 160
120 120 105
243 204 164
173 218 186
18 10 23
139 199 38
132 125 80
102 150 0
158 125 162
149 156 159
182 94 99
107 45 89
32 117 234
63 160 129
51 25 138
103 73 111
68 157 154
54 126 118
168 88 111
3 148 237
179 159 93
35 225 41
189 199 187
236 186 127
25 37 222
178 115 68
30 15 27
202 100 206
33 219 199
140 224 114
118 221 56
75 61 133
116 107 196
92 209 94
111 218 190
22 240 80
189 127 125
206 241 177
180 177 87
217 41 216
168 195 159
140 236 24
239 13 173
61 144 200
223 225 212
64 107 61
204 152 107
236 210 203
12 132 199
150 26 201
244 253 61
146 152 140
218 87 34
55 163 105
19 231 204
217 142 181
244 3 144
207 176 198
211 0 195
108 94 242
5 52 188
8 237 140
223 244 206
246 179 235
183 149 79
140 4 101
226 108 150
33 55 77
181 207 246
8 160 251
133 19 198
151 149 194
169 142 91
36 107 249
117 149 9
4 120 245
62 125 39
141 16 11
91 156 10
19 138 144
32 70 7
236 58 218
226 209 115
109 118 62
247 147 164
236 148 17
181 225 239
190 231 169
112 16 170
56 199 92
127 118 41
175 136 125
53 103 195
122 127 100
233 58 203
237 2 100
240 67 153
94 103 212
160 216 128
33 2 9
77 78 215
141 40 87
77 251 243
247 48 21
245 51 41
179 111 152
155 77 206
24 57 53
148 157 56
123 229 65
54 122 188
48 199 18
212 55 175
142 53 253
198 43 103
233 132 88
96 170 58
151 9 119
248 11 123
238 27 177
227 162 130
66 13 89
118 198 162
233 54 199
6 202 50
57 235 78
234 5 135
134 130 69
118 204 245
38 78 1
255 116 211
110 167 215
220 82 118
180 224 28
97 188 51
77 81 38
227 8 95
142 77 74
185 138 80
205 42 221
54 152 91
95 62 53
178 135 214
153 222 168
128 172 21
209 94 137
246 94 110
91 22 48
107 241 55
142 89 240
50 186 197
191 125 32
161 15 108
67 216 20
14 69 131
111 191 35
206 178 95
152 135 161
55 170 85
21 133 228
157 132 186
57 16 65
86 148 228
92 123 13
183 48 40
209 29 158
22 173 219
239 75 73
199 97 83
10 90 100
34 161 230
120 160 67
121 194 231
143 113 60
36 25 174
163 36 165
119 252 142
10 13 211
200 193 222
26 130 26
107 188 242
39 216 209
183 66 33
135 101 77
1 170 191
143 125 227
157 73 34
149 119 232
226 115 159
238 167 178
36 127 139
239 99 150
186 193 60
238 1 233
247 142 7
64 212 1
51 61 66
58 52 52
193 35 65
50 117 213
248 148 90
125 236 60
44 231 227
112 240 188
179 112 49
96 212 172
226 133 152
164 239 96
15 123 111
144 150 47
144 168 11
121 30 109
184 97 193
182 220 112
222 250 230
155 38 141
87 203 208
125 82 25
120 39 212
178 180 106
151 100 71
144 162 213
9 216 127
107 113 176
35 215 209
154 118 79
59 184 147
112 8 8
165 208 25
68 122 49
184 115 186
108 36 31
201 247 202
59 89 38
45 178 158
8 111 157
56 249 141
40 187 217
66 33 235
241 148 47
158 127 14
182 78 244
163 106 75
207 62 126
166 53 247
145 186 34
251 55 104
80 23 53
249 197 243
97 171 13
244 52 238
27 203 255
66 218 173
211 204 97
57 11 134
222 3 135
45 30 207
145 198 200
116 103 221
66 106 120
100 60 4
69 69 236
81 242 155
241 172 123
145 223 247
155 244 121
121 87 109
151 115 60
95 177 82
60 125 25
152 65 252
222 104 101
121 93 192
212 138 118
88 91 243
113 56 161
138 142 235
13 199 60
100 78 253
251 141 155
60 239 127
145 222 20
103 198 197
38 17 253
58 41 38
13 122 170
10 110 246
156 111 114
46 233 138
41 69 169
250 239 57
9 82 165
195 215 87
146 234 186
224 246 58
24 100 64
164 160 55
241 20 138
103 44 163
114 81 238
124 238 212
241 110 193
58 60 31
195 194 89
245 107 218
61 161 11
4 208 89
180 98 45
186 194 242
127 89 19
110 148 251
242 221 20
117 157 200
99 65 132
37 50 176
38 220 184
210 169 7
146 3 7
210 85 35
252 11 197
122 142 88
184 73 72
32 168 254
29 19 229
25 248 104
128 191 241
187 212 236
53 161 194
89 145 223
147 15 173
75 133 151
238 94 8
229 5 105
156 228 39
125 101 171
243 245 96
104 253 177
71 232 9
251 32 210
238 17 118
139 36 98
62 198 254
111 95 182
139 92 245
251 38 37
43 41 177
132 206 3
115 129 134
97 172 166
185 187 204
230 23 99
82 43 213
104 98 143
147 39 249
62 228 128
210 4 141
187 242 139
100 24 229
55 225 6
158 184 87
5 7 69
214 57 57
123 184 158
96 240 223
240 75 103
147 51 160
183 20 244
196 88 208
38 105 156
72 179 196
147 159 179
116 153 211
83 12 143
157 97 81
188 4 132
26 96 148
34 222 234
62 234 241
219 238 19
97 86 189
60 138 87
214 248 78
155 8 11
244 37 249
76 187 131
15 53 19
167 251 21
125 122 243
254 28 23
148 76 236
169 115 221
168 254 85
252 87 190
15 231 130
77 27 13
31 92 202
240 22 34
44 178 129
60 157 81
140 63 253
134 5 239
148 88 146
34 163 82
154 81 151
103 205 207
243 130 97
169 217 187
244 62 69
63 27 108
243 219 153
124 233 55
69 175 177
184 152 113
63 14 227
70 125 113
55 79 133
125 239 138
130 199 235
177 65 19
117 202 108
56 203 96
101 174 91
103 224 200
169 201 16
148 214 159
149 112 223
21 2 58
126 248 29
61 187 240
187 182 32
99 85 21
160 1 60
220 37 255
130 44 201
253 129 3
183 142 26
28 190 119
149 124 133
142 50 175
112 75 95
168 50 1
159 81 255
192 19 195
117 226 184
42 42 73
73 85 225
61 205 234
113 254 206
78 82 249
64 51 214
178 12 206
13 73 77
189 83 189
45 150 136
199 123 27
245 110 222
35 218 62
187 40 163
40 196 122
212 24 45
43 143 39
150 148 209
128 145 152
84 242 229
126 31 35
102 133 189
121 142 29
32 165 175
199 52 221
216 166 17
190 101 182
227 221 55
178 120 255
150 160 119
249 193 12
71 69 39
233 150 52
74 32 156
214 76 203
246 134 43
22 57 38
160 206 41
254 178 156
156 77 235
228 11 129
65 87 200
29 155 43
227 67 21
254 184 239
217 101 38
221 181 35
118 19 81
15 233 27
18 162 235
233 168 45
0 103 75
193 73 175
150 185 196
236 32 245
43 235 173
191 132 85
18 84 90
143 200 37
161 73 34
179 67 186
46 32 89
127 74 105
14 44 84
72 50 135
151 197 106
101 80 105
29 63 239
41 250 102
246 239 57
236 134 211
119 43 157
1 72 4
246 72 113
191 150 79
200 156 9
122 197 9
66 124 187
137 43 137
185 60 221
63 28 34
132 52 195
243 239 43
247 183 195
250 248 248
104 27 51
170 141 224
43 182 104
87 3 55
151 221 183
87 176 82
1 229 117
255 232 136
189 35 247
165 2 45
34 238 148
158 82 151
133 153 161
63 46 27
58 123 114
222 235 15
152 233 93
208 223 199
243 56 183
106 95 153
161 190 214
2 192 219
248 207 16
237 87 225
76 194 185
128 122 1
243 235 38
16 127 145
67 160 174
244 186 230
144 54 165
128 128 84
48 3 96
9 40 51
120 91 54
230 7 213
190 149 123
107 113 146
87 5 133
237 189 191
152 1 169
195 63 176
215 223 61
64 76 187
105 243 149
187 60 53
163 146 7
138 97 116
219 19 233
0 19 206
101 202 143
117 165 151
152 14 79
60 110 36
201 50 127
171 195 204
77 141 116
24 249 226
121 116 130
216 102 190
162 60 0
65 95 180
31 58 67
167 56 25
67 196 160
96 73 67
102 48 108
193 229 135
219 210 254
32 98 58
249 0 169
209 22 179
20 15 195
44 85 69
130 84 162
131 118 70
153 38 156
46 206 13
173 216 4
129 177 237
20 194 50
210 117 61
36 55 121
117 112 82
49 141 48
193 247 128
145 25 172
11 95 30
153 50 66
167 253 129
159 44 71
236 40 254
248 92 17
46 51 234
249 24 245
196 117 155
248 181 72
1 67 103
74 137 97
61 242 161
68 233 147
203 216 160
60 42 52
2 73 186
135 161 155
54 156 66
122 164 27
189 37 144
106 137 11
236 58 247
174 163 192
25 48 206
154 74 142
154 93 106
131 210 204
194 21 32
192 145 207
232 175 69
165 219 236
97 127 47
135 6 120
130 219 51
188 104 201
161 25 166
154 86 53
19 140 223
117 37 15
45 140 49
164 43 174
69 109 242
122 188 104
175 132 121
78 47 144
194 39 25
118 216 126
211 172 41
69 13 133
54 103 254
18 35 252
66 173 236
50 112 56
76 213 74
250 73 142
168 52 109
192 2 83
173 30 170
217 242 221
176 234 86
155 111 129
5 236 199
89 204 148
3 122 82
107 96 108
254 233 77
37 127 95
76 142 12
221 128 192
67 192 230
232 184 231
55 210 46
155 123 39
126 27 60
76 31 215
110 240 99
79 250 76
91 167 250
251 97 218
155 147 86
165 169 216
131 12 204
161 39 155
105 102 177
70 50 120
162 246 91
232 29 196
131 18 31
222 63 213
98 15 82
123 237 0
148 67 74
23 124 155
110 3 93
5 66 250
70 163 222
155 147 116
112 123 37
48 198 92
68 222 133
23 47 10
20 34 85
166 36 209
56 157 234
51 250 8
4 164 152
19 7 4
205 140 182
156 159 26
234 170 153
34 25 159
174 85 150
251 201 233
113 224 2
124 5 77
134 162 51
251 34 32
68 240 126
205 118 184
255 31 57
71 86 107
13 133 184
190 23 140
196 118 82
137 14 115
120 73 90
252 145 115
127 82 40
109 246 227
47 231 15
48 145 23
220 93 102
156 183 102
220 10 130
6 191 36
132 66 184
194 254 167
42 92 93
39 200 68
35 172 199
137 116 80
196 136 75
63 86 33
99 70 62
157 195 12
85 58 246
248 19 103
239 185 201
166 152 134
135 26 10
253 170 191
114 177 17
81 156 104
5 213 49
248 197 214
149 217 193
71 122 93
121 20 21
149 16 84
5 219 132
53 221 16
142 131 98
125 54 230
107 97 5
195 111 43
240 203 194
92 224 53
114 23 238
157 220 89
71 153 223
220 185 236
197 167 234
110 205 68
64 150 101
168 108 183
15 187 164
224 237 152
133 109 253
106 165 63
249 255 198
157 232 255
193 201 84
206 12 47
48 30 251
82 103 35
157 84 18
126 78 50
93 192 238
167 22 176
198 185 228
36 20 243
44 147 73
72 159 80
228 163 115
107 10 28
70 63 183
224 172 173
165 188 106
254 218 88
86 112 226
25 233 115
177 176 116
135 47 82
8 209 118
158 0 75
179 40 60
178 179 180
6 11 29
25 156 226
87 208 109
41 17 41
250 202 129
54 103 224
70 81 176
150 244 92
144 185 78
158 12 242
44 88 177
164 6 247
113 130 46
253 54 193
179 141 26
254 242 165
73 207 203
253 144 248
134 157 150
79 99 16
194 76 209
73 195 66
80 50 208
65 4 228
135 163 233
140 123 74
187 246 114
127 126 203
66 127 192
111 99 187
113 148 39
179 126 111
158 138 254
159 37 62
30 183 154
136 172 124
71 112 80
197 107 127
109 9 117
170 181 156
230 218 95
140 225 40
7 54 99
193 67 121
38 115 214
159 49 228
152 231 14
122 0 191
178 230 96
169 5 94
202 199 34
127 151 23
52 223 168
83 9 64
71 130 73
123 178 45
88 6 89
74 231 53
187 193 45
23 254 172
199 8 28
55 74 232
209 48 122
255 35 61
45 142 157
197 221 3
50 121 218
222 205 141
53 68 134
160 73 49
138 70 247
94 166 68
136 212 130
112 58 28
131 67 125
42 90 14
209 233 60
226 90 112
200 26 21
237 146 150
188 45 94
160 85 215
3 118 107
80 249 135
243 75 147
84 212 251
224 1 42
0 59 138
32 238 134
170 131 136
8 102 251
166 2 75
238 192 225
75 12 40
39 80 139
237 247 116
8 108 79
227 25 133
231 105 130
128 199 176
25 157 122
28 86 75
243 93 140
10 28 170
203 254 14
160 109 35
245 213 84
53 160 12
200 56 181
28 9 185
153 125 133
171 254 129
189 248 25
56 212 184
137 254 200
24 225 180
82 230 230
161 121 201
111 5 201
39 243 79
51 175 198
0 163 152
246 59 50
129 223 252
11 253 99
0 253 208
201 75 174
210 81 104
132 122 105
76 48 26
146 223 232
195 241 60
73 209 129
142 232 34
253 163 138
1 108 35
4 172 87
114 208 147
180 65 63
53 107 199
97 183 150
161 146 22
97 100 178
11 154 212
9 157 231
199 216 87
175 182 141
44 162 244
168 7 246
142 78 0
73 227 122
68 48 209
232 160 110
162 158 188
218 148 38
253 237 23
116 20 248
171 114 54
12 116 58
2 132 111
247 12 64
86 118 24
138 47 97
253 160 133
26 51 241
76 85 13
254 110 69
154 235 4
138 53 180
58 183 192
19 221 146
130 16 149
240 187 53
200 74 218
117 38 242
97 186 228
247 113 30
162 182 8
204 243 15
225 147 156
74 1 26
115 167 244
197 240 148
173 71 102
148 22 212
229 200 72
10 199 45
111 127 238
126 90 246
162 194 175
70 35 131
211 231 222
181 120 43
87 65 211
34 174 66
130 40 226
226 27 29
172 240 96
75 19 19
41 239 163
177 237 120
77 121 255
105 253 162
112 228 204
203 153 230
229 135 93
42 23 154
3 180 8
219 202 18
30 195 34
53 10 164
140 9 2
141 43 166
163 218 251
56 130 108
183 141 100
139 101 77
30 118 145
220 42 156
46 235 217
127 37 177
59 65 144
203 172 224
155 206 11
21 19 126
163 231 161
177 178 225
169 224 166
246 220 93
2 17 112
56 232 74
3 205 84
206 42 251
2 106 168
11 248 198
84 62 192
71 167 0
78 157 242
213 140 0
70 222 148
12 254 25
145 86 250
64 80 162
132 89 123
199 217 239
116 61 106
246 238 87
184 88 31
35 229 46
164 255 238
163 17 201
141 135 44
204 202 127
202 69 47
242 100 164
175 144 75
107 52 142
145 187 216
140 144 146
198 29 41
171 205 6
164 11 148
29 65 62
127 218 110
55 65 144
174 224 14
78 33 82
132 113 199
185 57 216
88 228 240
204 220 120
127 141 221
221 96 136
79 194 229
64 27 93
28 216 92
76 98 76
60 37 151
86 138 170
4 253 237
178 233 204
202 183 178
183 211 9
227 167 60
186 158 182
165 35 224
15 160 39
99 128 244
13 46 178
117 20 204
8 157 172
47 52 190
86 67 108
231 53 32
77 116 69
242 108 70
65 135 142
165 47 134
136 208 155
85 212 54
120 165 195
89 175 171
101 91 90
5 21 58
165 72 181
175 93 56
141 192 43
171 220 250
115 26 16
80 230 215
172 170 186
242 210 36
141 199 126
232 244 53
108 196 178
133 162 96
158 248 170
33 49 250
120 183 188
15 246 90
80 88 62
165 72 211
122 47 132
58 122 188
77 147 228
33 227 105
30 215 180
176 216 49
66 82 73
61 175 104
14 89 247
29 187 99
215 65 22
166 84 121
244 95 248
44 205 254
184 9 245
5 126 72
123 149 98
134 186 172
144 87 147
5 215 128
78 165 222
214 43 24
9 212 152
81 11 202
23 57 23
200 203 236
206 43 177
147 195 210
130 254 186
6 70 210
137 7 135
119 170 66
57 156 111
58 69 119
230 18 198
166 108 197
230 190 225
16 116 132
142 247 23
204 178 6
52 17 188
49 125 163
45 97 38
147 40 176
206 61 170
73 10 129
109 250 157
166 120 108
95 238 86
2 199 198
249 110 40
176 77 229
145 207 105
7 94 31
124 102 112
91 81 199
15 137 144
2 122 53
159 142 32
81 47 189
131 201 117
159 197 179
15 143 227
63 146 111
152 55 193
135 234 69
117 22 100
205 36 138
250 128 33
102 148 148
124 204 77
167 144 184
81 78 62
230 110 75
207 91 74
120 129 164
74 74 196
178 33 22
25 112 3
234 162 247
143 33 93
116 89 158
3 180 37
167 157 94
203 125 179
216 193 142
58 210 90
92 28 131
167 8 113
135 3 145
103 117 77
177 203 15
208 110 67
45 201 82
54 71 168
82 83 175
238 88 210
117 191 123
80 244 22
234 97 12
175 113 201
8 143 184
96 37 66
35 158 210
186 100 212
145 227 177
18 133 213
168 181 171
189 221 156
188 103 19
16 192 124
35 81 65
97 132 204
51 197 136
4 127 225
64 28 63
80 6 15
160 168 187
154 110 173
168 193 81
54 12 16
174 187 86
123 55 141
7 235 32
189 66 121
8 167 4
83 132 42
7 68 87
144 82 246
89 24 112
204 1 48
83 120 162
90 231 47
75 185 67
144 88 73
150 48 170
197 171 209
137 51 42
76 52 31
121 23 26
123 73 134
189 50 207
168 63 93
169 217 157
40 108 249
146 97 219
81 36 175
207 32 222
119 190 212
180 106 251
240 142 190
150 149 135
17 234 194
203 247 216
48 40 53
169 229 67
162 155 109
132 180 30
188 155 192
179 186 189
211 124 129
137 75 119
62 147 8
93 190 159
81 54 168
132 103 141
98 187 184
84 156 148
197 118 141
33 178 11
209 188 123
65 255 71
219 228 217
9 215 157
55 67 252
207 145 98
60 45 57
232 129 236
63 249 229
170 254 144
148 251 86
104 91 163
146 137 225
122 239 123
141 248 220
52 14 110
219 157 155
236 15 207
210 207 117
247 70 246
198 225 189
170 10 54
13 42 203
90 174 230
253 255 242
94 137 91
234 182 137
10 240 233
42 162 229
179 56 231
18 27 91
176 182 170
248 116 64
85 192 135
49 5 234
247 172 211
18 33 174
237 206 228
241 30 225
138 124 15
35 82 217
38 11 170
253 18 236
20 208 9
213 178 109
170 34 130
255 138 180
63 85 107
210 237 20
38 190 25
163 49 228
181 179 224
199 172 120
66 137 23
147 179 39
34 150 19
92 155 69
171 46 41
121 185 40
49 168 174
61 100 37
10 88 248
0 239 145
139 148 92
21 177 194
10 177 47
211 255 13
219 5 199
142 46 200
86 229 122
156 148 71
205 166 155
83 133 224
152 157 130
7 88 233
11 32 130
14 97 183
124 133 242
190 246 158
63 32 38
107 108 245
171 70 117
107 25 17
21 78 51
19 81 71
209 141 182
185 107 236
54 87 83
178 187 86
152 3 95
83 151 218
78 229 48
242 85 205
171 82 27
228 72 133
7 161 118
126 200 88
181 39 149
22 41 153
12 56 206
1 192 160
96 43 119
148 228 192
7 84 229
36 232 80
86 9 108
8 35 164
163 159 99
148 234 19
68 108 31
29 146 241
140 197 245
250 112 148
210 254 58
127 218 81
107 111 68
1 38 125
172 107 104
214 168 110
235 72 251
84 182 121
125 92 83
207 165 244
183 251 197
158 202 51
239 124 167
20 124 140
121 52 77
136 14 85
172 119 14
80 216 227
221 155 62
191 45 138
97 246 50
44 99 161
140 221 65
236 207 125
182 165 191
85 200 115
50 163 2
186 162 216
87 46 95
115 178 2
122 153 43
213 78 70
239 59 188
52 203 249
13 105 103
229 127 113
40 120 130
63 191 3
150 190 97
151 224 5
173 143 90
66 55 203
193 66 195
149 26 172
40 43 241
230 222 252
56 160 56
137 217 16
69 246 239
213 96 63
165 131 107
31 200 221
173 155 1
187 103 64
179 149 6
0 145 189
12 197 208
66 156 169
13 129 180
216 222 90
12 31 7
21 172 37
94 242 31
81 91 96
88 82 81
223 65 95
80 147 243
21 178 120
155 10 89
74 5 1
142 13 218
209 142 78
126 242 202
0 163 182
194 13 126
45 153 141
174 179 77
173 198 41
151 59 139
214 126 222
212 250 142
252 24 4
184 68 171
117 232 238
155 112 55
150 69 242
208 210 136
181 130 101
174 192 243
39 246 157
137 143 206
65 245 239
184 148 109
88 214 177
142 38 38
195 237 55
98 152 79
214 145 216
137 65 60
231 21 232
89 118 68
74 208 188
38 141 187
86 23 171
70 217 247
96 63 9
14 178 76
188 157 44
212 108 18
193 135 105
237 92 156
196 83 21
175 216 64
25 85 134
109 53 83
23 227 17
127 201 43
18 82 12
57 233 29
96 248 203
241 233 127
87 41 164
252 33 165
75 60 237
175 228 230
146 133 250
95 136 150
130 90 34
99 99 10
111 16 185
15 202 153
175 253 21
184 18 151
151 117 138
181 144 90
125 207 112
90 155 55
182 95 25
252 134 131
151 123 221
242 168 148
118 120 17
143 86 191
168 172 9
43 229 90
130 108 27
25 171 185
90 13 157
175 252 50
132 228 227
68 47 27
87 71 68
43 152 200
40 140 20
186 141 144
76 7 168
71 99 199
24 13 87
39 112 195
225 245 117
176 8 216
254 20 88
54 130 94
194 190 85
15 50 167
133 74 193
144 110 11
154 12 242
15 140 223
88 89 61
224 223 119
19 137 247
91 191 41
33 238 119
210 128 75
216 224 16
157 119 49
140 178 25
16 251 50
147 187 230
129 95 161
67 80 206
68 250 214
240 198 37
176 33 37
240 115 65
26 41 227
152 172 118
214 103 102
62 197 27
59 49 3
55 22 133
157 221 15
216 242 9
83 191 224
119 175 253
176 45 203
105 163 181
12 124 37
3 34 135
186 1 69
155 131 201
17 19 126
134 27 207
101 5 39
25 62 240
12 47 148
169 66 127
91 228 28
141 125 212
168 122 19
25 68 67
73 70 206
162 236 33
145 159 164
127 202 196
215 217 233
4 53 128
112 73 243
134 128 173
177 69 23
91 2 158
240 34 171
217 16 169
130 54 3
84 255 35
188 214 117
35 37 99
244 87 87
153 214 188
126 14 253
13 105 133
177 81 190
213 50 18
226 118 237
68 135 186
102 208 226
177 189 209
145 183 241
113 42 172
187 127 111
217 34 162
55 126 178
63 252 7
92 8 14
248 12 49
127 115 219
90 168 117
244 21 108
184 38 41
18 67 23
106 217 161
45 82 49
196 25 51
155 152 17
28 58 53
178 105 10
199 145 251
198 28 115
26 116 219
45 5 160
107 57 43
61 122 232
14 52 64
74 208 159
90 186 111
170 93 26
164 34 13
178 118 176
64 193 111
184 111 181
133 235 236
17 159 127
199 247 217
18 92 99
93 57 138
17 249 183
154 7 85
99 205 207
214 182 143
93 44 1
100 155 143
85 109 163
154 13 168
160 228 9
207 95 49
147 232 137
86 232 126
131 204 121
133 253 230
199 231 46
178 244 189
179 142 253
50 32 88
156 22 59
91 217 14
217 212 61
129 115 51
189 30 90
250 67 29
160 74 231
27 159 33
213 172 56
58 220 149
179 154 163
172 80 205
142 105 125
198 80 31
189 111 29
221 48 225
147 0 214
72 72 103
103 115 255
91 235 7
142 28 236
108 111 23
94 81 244
207 42 236
43 103 107
219 113 219
75 180 166
229 153 57
19 140 252
65 247 91
217 70 193
70 226 152
242 54 75
73 173 69
179 178 239
158 175 182
114 15 3
156 61 65
132 163 219
151 172 59
62 195 205
229 82 250
246 196 47
220 131 212
1 251 85
208 150 29
180 190 149
23 223 42
100 99 69
7 180 82
104 62 186
244 106 233
20 164 72
52 87 68
189 236 71
28 207 186
186 107 9
2 41 159
95 117 230
59 185 73
1 97 51
28 213 13
247 131 68
251 211 65
148 48 111
45 7 57
47 192 9
7 198 75
30 133 104
223 103 205
180 215 226
9 62 19
73 9 203
220 162 115
48 114 120
173 230 67
191 103 64
209 97 216
76 61 118
157 104 134
44 74 114
102 80 164
181 227 136
131 110 135
59 92 13
71 24 132
20 13 87
10 164 240
149 73 187
31 102 34
20 102 142
221 180 109
229 186 39
152 227 39
96 153 217
166 72 166
215 90 250
93 58 64
162 82 225
17 12 72
21 213 225
24 22 22
134 57 81
200 171 253
73 212 134
117 33 84
181 251 212
117 205 112
31 3 146
29 6 166
219 65 21
195 32 75
64 12 178
188 112 181
162 183 190
93 76 57
88 153 143
252 9 44
181 7 123
238 253 229
17 86 213
136 125 183
191 220 244
32 222 248
22 237 46
11 117 255
106 224 214
158 152 31
17 9 68
46 157 175
96 190 203
18 215 4
173 84 194
158 158 114
78 33 126
39 70 80
150 121 84
4 37 243
220 179 153
137 143 176
117 35 163
11 218 220
182 31 199
224 92 205
245 253 90
94 106 217
135 16 179
217 89 83
193 176 37
168 127 146
249 49 6
30 48 236
131 232 173
146 195 180
182 43 109
90 140 66
231 80 157
201 225 233
106 171 146
54 23 0
150 145 160
246 132 220
192 89 30
94 125 210
60 88 97
196 86 55
97 226 190
125 102 97
132 78 138
223 3 165
249 240 27
61 128 88
23 30 198
239 52 208
50 45 225
73 115 99
160 114 192
161 148 100
183 68 186
76 236 43
203 246 34
159 207 11
50 223 80
240 147 91
66 84 151
147 142 112
79 171 78
223 21 158
175 55 202
41 125 60
183 80 96
197 27 159
189 74 101
10 70 28
22 122 47
76 81 8
23 54 19
226 147 185
22 211 102
31 97 132
104 167 126
91 16 191
98 7 177
233 246 190
90 71 82
31 103 216
164 191 185
84 186 96
152 194 57
219 67 174
136 166 41
10 88 21
204 193 222
55 78 236
184 104 172
183 123 136
161 240 234
224 51 62
222 174 237
6 205 99
194 249 10
127 157 77
165 36 150
160 249 81
218 134 231
191 54 196
184 116 82
49 170 252
147 67 45
75 170 79
193 73 204
98 139 16
152 218 134
205 162 151
108 77 174
224 69 55
147 246 156
241 202 71
99 43 163
84 133 27
48 65 26
96 203 10
80 142 86
106 243 104
24 102 172
198 82 139
222 32 113
203 60 200
247 16 251
205 8 116
184 140 159
35 10 229
119 234 178
33 151 112
137 126 138
28 7 107
67 157 125
106 172 42
251 158 222
97 222 3
6 213 5
85 240 76
185 153 69
156 57 90
105 61 245
139 14 129
109 24 105
121 196 24
25 127 248
185 177 116
194 199 246
161 42 234
191 69 185
135 131 207
100 79 150
192 20 121
6 59 226
161 48 61
251 93 243
128 45 112
153 11 30
178 97 104
52 154 185
140 32 123
35 95 24
100 193 252
185 177 145
142 153 67
77 227 122
97 252 163
53 77 40
50 64 115
196 66 239
86 187 7
81 24 38
34 194 182
49 36 34
235 170 212
186 189 56
8 200 183
64 55 189
204 115 180
24 231 7
143 254 32
154 35 107
164 192 81
25 64 62
98 14 156
234 148 214
29 61 87
101 116 136
43 163 214
220 53 170
226 148 111
167 44 144
150 103 120
26 175 145
157 112 70
139 20 1
77 5 45
78 174 53
250 123 132
186 213 132
250 40 160
36 221 66
162 96 214
224 28 197
72 122 123
69 230 98
65 202 229
167 145 110
226 166 105
93 115 63
129 100 92
186 225 42
115 87 20
22 48 133
13 215 230
196 182 164
165 56 40
27 199 221
144 207 46
111 186 134
35 242 79
22 227 244
179 247 223
101 152 123
151 50 51
178 46 114
35 249 162
82 251 46
172 160 128
155 84 4
137 127 35
225 141 73
14 233 224
122 254 83
144 53 12
187 250 119
101 183 253
250 215 10
227 197 8
140 235 98
94 180 131
198 138 212
45 217 194
254 11 182
163 139 27
136 195 92
23 29 228
187 6 29
223 230 113
236 42 77
78 59 25
111 133 65
187 114 48
155 108 80
123 222 12
197 52 206
227 215 1
65 50 17
73 177 103
102 189 110
2 193 145
137 40 58
100 93 213
254 202 203
194 218 136
28 248 118
116 142 0
55 7 145
206 206 146
165 77 112
38 238 148
188 30 105
209 70 90
208 209 210
36 41 59
55 186 255
116 237 139
71 47 71
24 232 159
84 133 254
100 111 206
180 18 122
174 215 108
188 42 15
74 118 207
194 36 21
143 160 76
27 84 223
209 171 56
28 16 195
103 237 233
27 173 22
164 187 180
109 129 46
224 106 239
103 225 96
110 80 238
95 34 2
164 193 7
169 153 104
217 20 144
156 156 233
96 157 221
141 129 217
143 178 69
209 156 141
188 168 28
189 66 92
60 213 184
166 202 154
101 141 109
227 137 157
139 39 147
199 211 186
4 247 124
170 255 70
37 83 128
223 97 151
68 145 244
189 79 2
182 5 44
152 30 221
208 4 126
198 35 124
231 229 64
157 181 53
82 252 198
113 39 94
101 160 103
152 208 75
118 36 119
104 5 83
217 223 75
53 27 202
229 38 58
85 104 6
239 78 152
29 65 91
75 172 187
227 250 33
80 150 248
252 235 170
82 98 164
189 103 78
168 100 21
124 196 98
166 242 160
142 88 58
161 97 155
72 120 44
239 6 90
0 120 142
230 56 51
11 176 180
218 74 124
190 115 245
33 148 137
110 23 165
16 105 177
114 242 25
254 31 72
30 89 168
62 11 164
199 161 166
38 132 25
196 31 105
12 222 254
105 42 70
69 110 168
11 21 146
38 138 108
0 55 163
5 135 160
158 229 206
55 187 152
57 116 104
17 123 170
40 58 200
233 28 44
190 139 65
19 243 114
82 190 42
230 86 211
58 39 215
183 155 162
201 28 159
219 21 55
86 242 214
166 28 230
54 255 209
112 4 4
191 151 231
141 35 231
69 17 108
81 205 227
29 193 182
20 88 80
159 253 26
41 27 129
30 27 238
231 104 204
239 110 134
162 151 134
105 78 56
176 253 6
225 15 90
103 238 159
172 6 64
27 193 168
31 137 65
34 202 117
144 238 176
210 95 93
83 137 229
127 213 180
191 176 52
127 130 207
41 183 242
39 187 5
229 246 117
205 212 170
74 192 17
198 37 20
172 108 30
103 1 152
98 78 239
6 190 140
191 188 218
248 178 68
27 11 52
146 49 22
201 144 84
42 146 88
32 162 141
21 42 94
116 148 54
168 77 127
27 189 163
56 81 14
106 114 43
28 140 99
183 9 34
168 83 210
87 213 221
49 251 176
160 46 179
14 217 83
230 104 248
147 68 15
127 216 2
21 143 60
192 212 38
234 17 45
255 177 186
104 31 56
145 197 18
227 14 178
203 101 132
178 52 242
2 229 102
40 229 75
141 157 12
156 120 20
192 224 204
99 65 161
241 4 252
211 150 73
116 95 241
64 204 96
160 70 0
0 57 59
202 14 126
104 49 49
70 13 192
206 11 150
107 151 29
135 27 192
142 2 234
233 183 4
3 164 123
71 52 184
33 210 38
249 232 48
60 225 64
83 40 194
170 39 32
171 73 196
193 248 25
86 160 138
213 171 130
169 131 106
60 148 175
249 72 186
76 9 247
157 67 207
89 95 174
233 201 254
185 236 41
51 49 156
193 4 191
207 208 254
199 254 196
20 250 123
32 46 142
86 6 104
33 235 114
236 72 25
32 136 198
41 22 228
114 92 222
101 197 30
108 187 16
243 170 30
100 252 178
41 28 55
174 115 24
94 110 192
161 119 152
229 247 13
146 91 136
20 12 117
214 118 61
65 3 76
194 29 11
193 47 231
171 165 74
234 232 157
232 99 76
16 129 194
204 173 105
137 82 172
175 217 246
170 174 176
228 59 71
201 235 36
194 41 178
58 95 92
157 248 140
85 95 174
203 253 43
108 63 112
162 143 229
215 87 246
118 2 14
234 250 150
157 171 251
251 126 166
109 224 3
94 57 123
58 246 122
106 128 105
90 66 181
116 168 200
34 27 11
208 6 234
232 213 208
213 241 39
1 197 90
215 188 212
194 65 254
45 190 69
129 158 17
42 76 208
147 50 234
38 187 202
77 82 220
116 97 137
5 83 61
107 146 99
16 138 100
95 165 171
195 77 164
166 238 185
115 242 84
149 195 225
119 205 201
131 121 119
35 51 87
195 102 211
204 123 85
171 222 73
201 250 24
145 56 46
110 4 245
202 200 216
16 240 65
171 228 156
5 18 82
138 226 207
163 191 126
188 21 200
62 78 24
150 213 218
45 20 119
110 118 91
195 101 241
152 77 162
87 152 217
107 177 2
63 1 135
60 245 210
206 246 78
96 112 103
91 204 133
43 119 21
59 217 129
245 95 51
196 114 151
17 125 22
74 235 28
214 39 19
34 156 102
153 179 127
164 216 202
174 117 176
35 245 157
108 195 252
244 73 54
39 242 182
110 40 232
53 87 53
230 233 9
236 73 207
177 225 240
160 27 215
36 100 240
167 37 165
149 200 96
87 185 140
88 99 149
4 48 227
196 138 227
4 220 255
46 146 161
172 21 53
234 208 36
82 47 218
79 155 193
75 127 68
177 70 205
236 91 200
103 40 158
139 24 187
196 150 138
125 12 116
32 229 228
23 140 70
206 107 3
175 237 135
36 124 61
154 132 142
121 111 229
45 167 174
32 152 83
189 171 62
111 77 218
161 230 147
188 227 209
45 173 1
92 176 141
182 85 223
165 8 99
147 52 130
235 66 168
24 158 63
132 178 178
154 233 107
197 174 214
111 107 92
4 140 105
237 121 103
150 159 193
104 104 226
208 63 52
55 142 33
7 192 21
173 63 123
146 119 188
33 210 67
197 186 124
232 155 209
246 223 172
88 240 120
121 58 161
197 38 143
165 32 175
133 147 107
207 232 45
237 139 97
75 231 112
83 101 198
112 113 205
12 117 240
147 221 153
110 18 52
8 127 42
204 143 231
38 173 213
126 67 95
65 188 240
216 130 242
175 1 207
48 163 243
198 211 201
219 250 186
218 133 49
46 222 154
65 110 95
126 162 234
81 227 166
34 157 255
94 58 93
110 36 45
190 198 217
183 140 203
198 223 111
84 42 46
204 216 116
153 84 171
37 9 62
219 96 151
38 197 34
113 162 72
37 98 117
174 112 19
119 54 141
234 31 78
113 150 192
120 4 77
105 214 97
174 118 102
179 78 200
227 201 239
166 81 72
106 82 61
151 53 56
153 103 164
219 80 236
198 93 123
199 247 187
70 138 23
176 127 249
111 66 205
237 61 252
149 220 242
209 136 25
14 172 220
180 179 165
47 8 224
233 21 246
78 69 83
199 3 97
191 185 139
162 210 60
218 185 222
208 216 219
241 154 159
167 105 148
92 177 38
123 220 189
111 84 198
162 133 171
128 217 214
114 186 178
227 148 170
63 208 41
239 218 153
95 29 101
249 2 247
39 245 187
85 97 26
237 175 128
90 75 87
6 159 10
92 23 3
199 27 174
178 25 116
134 121 193
175 166 255
152 12 153
171 21 250
82 44 140
249 187 185
10 45 237
240 236 146
21 100 20
228 255 219
200 40 84
43 72 233
120 204 4
26 29 16
124 167 120
7 211 167
40 14 7
72 192 3
209 86 5
48 57 121
206 212 200
22 146 94
115 222 165
79 35 8
21 202 241
48 63 204
10 236 2
15 60 255
168 154 45
65 112 247
67 41 200
27 47 9
50 238 39
243 208 139
200 64 160
29 168 209
92 114 137
240 11 50
68 220 55
193 79 2
211 209 254
229 202 150
96 167 53
176 209 69
64 179 49
122 185 99
201 76 71
150 215 70
78 198 204
91 130 67
39 118 22
30 13 175
169 178 122
51 207 224
40 207 77
241 29 43
249 35 229
172 76 230
115 3 151
186 178 101
235 196 185
113 163 254
182 187 159
37 118 7
41 62 160
44 127 213
154 162 16
220 20 188
93 61 68
137 138 19
201 100 147
137 55 47
51 108 81
49 111 101
239 171 212
215 137 10
84 117 113
208 217 116
182 32 125
113 181 248
108 2 78
16 115 235
201 112 57
2 102 163
37 191 148
156 230 117
211 69 179
52 71 183
41 86 236
31 222 189
126 73 149
178 1 222
37 114 2
66 6 110
116 39 138
38 65 194
193 189 129
178 7 49
97 138 61
59 175 15
170 226 18
24 142 178
240 28 88
156 248 111
137 140 98
31 68 155
202 137 134
244 198 140
9 102 25
114 212 151
155 122 113
237 195 18
213 25 227
188 232 81
12 154 197
50 154 170
151 81 107
166 44 115
202 149 44
109 245 0
251 185 92
221 74 168
126 20 80
74 129 191
170 251 95
10 237 155
212 195 221
114 230 144
80 193 32
216 192 246
117 75 125
145 208 32
152 183 73
243 108 100
13 89 218
81 233 23
43 135 133
3 157 143
70 150 160
93 221 33
180 220 127
181 253 35
203 173 120
96 85 233
223 96 225
179 56 202
70 73 14
3 252 26
86 190 86
167 247 46
99 20 13
243 126 93
195 161 137
60 230 251
203 185 30
217 132 94
209 179 36
30 175 219
42 227 237
96 186 199
43 159 209
246 252 120
42 60 37
51 202 67
124 16 61
111 121 126
118 112 111
253 95 125
110 177 17
51 208 150
184 40 119
104 35 31
171 43 248
239 172 108
156 16 232
30 193 212
224 43 156
75 183 171
204 209 107
203 228 71
181 89 169
244 156 252
242 24 172
26 54 34
214 98 201
147 6 11
185 142 85
180 98 15
238 240 166
211 160 131
204 221 17
68 19 187
167 173 235
95 19 13
213 178 139
118 244 207
172 68 68
225 11 85
128 182 109
244 175 246
167 95 90
5 51 5
119 148 98
104 238 218
68 170 217
116 53 201
100 247 21
126 93 39
44 208 106
218 187 74
242 137 47
223 165 135
11 122 185
225 113 51
204 246 93
55 115 164
139 83 113
52 1 47
157 231 73
48 112 41
87 6 59
126 21 233
15 7 157
117 71 194
26 63 195
105 89 11
205 2 4
176 163 24
125 166 179
159 120 64
129 129 40
140 46 215
45 232 183
205 26 50
214 48 181
181 147 168
211 174 120
155 237 141
120 185 84
212 125 55
26 164 161
181 153 251
15 198 178
148 150 47
173 116 221
198 202 39
72 3 119
160 138 57
55 201 215
120 43 187
205 26 80
162 2 1
97 77 57
117 101 98
73 182 230
70 170 49
216 171 174
106 36 198
101 129 229
53 43 117
69 142 224
255 19 147
205 38 246
27 50 118
83 160 123
224 220 114
44 80 197
163 103 223
174 140 41
184 41 16
44 170 253
118 119 91
254 253 149
49 166 21
120 221 71
63 12 149
240 158 105
246 253 46
187 149 79
170 208 55
46 24 79
177 217 4
159 125 191
97 110 236
98 24 244
14 228 67
206 62 67
14 145 94
56 70 1
182 202 148
244 133 131
92 227 57
89 79 32
85 51 163
187 251 45
246 16 39
113 221 254
149 205 27
206 75 233
135 193 211
42 154 67
33 64 165
216 31 99
185 161 231
46 49 156
164 56 237
131 35 69
55 92 13
42 76 178
199 96 157
121 1 58
171 155 242
198 152 49
55 98 97
102 100 236
192 10 63
175 189 194
157 232 225
245 247 7
33 82 158
142 103 17
