SRC: 255 255 255  PROV: 174 178 180
SRC: 255 255 255  PROV: 232 63 75
SRC: 255 255 255  PROV: 205 239 40
SRC: 255 255 255  PROV: 198 45 182
SRC: 255 255 255  PROV: 63 99 96
SRC: 255 255 255  PROV: 161 252 144
SRC: 255 255 255  PROV: 89 99 178
SRC: 255 255 255  PROV: 208 2 48
SRC: 255 255 255  PROV: 113 68 116
SRC: 255 255 255  PROV: 166 147 233
SRC: 255 255 255  PROV: 219 91 250
SRC: 255 255 255  PROV: 122 6 18
SRC: 255 255 255  PROV: 238 254 155
SRC: 255 255 255  PROV: 162 175 255
SRC: 255 255 255  PROV: 255 131 170
SRC: 255 255 255  PROV: 113 228 7
SRC: 255 255 255  PROV: 99 61 127
SRC: 255 255 255  PROV: 62 250 126
SRC: 255 255 255  PROV: 110 132 110
SRC: 255 255 255  PROV: 94 71 185
SRC: 255 255 255  PROV: 120 172 204
SRC: 255 255 255  PROV: 39 31 15
SRC: 255 255 255  PROV: 213 11 239
SRC: 255 255 255  PROV: 237 217 212
SRC: 255 255 255  PROV: 217 245 43
SRC: 255 255 255  PROV: 5 201 94
SRC: 255 255 255  PROV: 220 192 216
SRC: 255 255 255  PROV: 199 69 2
SRC: 255 255 255  PROV: 49 195 73
SRC: 255 255 255  PROV: 134 163 22
SRC: 255 255 255  PROV: 47 80 212
SRC: 255 255 255  PROV: 151 54 238
SRC: 255 255 255  PROV: 42 191 206
SRC: 255 255 255  PROV: 81 86 224
SRC: 255 255 255  PROV: 120 101 142
SRC: 255 255 255  PROV: 9 87 66
SRC: 255 255 255  PROV: 111 150 103
SRC: 255 255 255  PROV: 20 142 104
SRC: 255 255 255  PROV: 99 169 176
SRC: 255 255 255  PROV: 199 81 169
SRC: 255 255 255  PROV: 170 242 189
SRC: 255 255 255  PROV: 120 246 88
SRC: 255 255 255  PROV: 154 199 229
SRC: 255 255 255  PROV: 123 209 205
SRC: 255 255 255  PROV: 135 125 124
SRC: 255 255 255  PROV: 39 56 92
SRC: 255 255 255  PROV: 199 106 215
SRC: 255 255 255  PROV: 209 127 90
SRC: 255 255 255  PROV: 175 227 77
SRC: 255 255 255  PROV: 205 254 29
SRC: 255 255 255  PROV: 149 60 50
SRC: 255 255 255  PROV: 114 8 249
SRC: 255 255 255  PROV: 206 205 220
SRC: 255 255 255  PROV: 20 244 70
SRC: 255 255 255  PROV: 175 233 160
SRC: 255 255 255  PROV: 10 22 87
SRC: 255 255 255  PROV: 142 230 212
SRC: 255 255 255  PROV: 167 196 130
SRC: 255 255 255  PROV: 192 26 204
SRC: 255 255 255  PROV: 67 83 28
SRC: 255 255 255  PROV: 154 217 222
SRC: 255 255 255  PROV: 49 24 124
SRC: 255 255 255  PROV: 114 122 96
SRC: 255 255 255  PROV: 200 106 245
SRC: 255 255 255  PROV: 157 82 166
SRC: 255 255 255  PROV: 92 156 222
SRC: 255 255 255  PROV: 112 181 7
SRC: 255 255 255  PROV: 67 5 139
SRC: 255 255 255  PROV: 64 249 214
SRC: 255 255 255  PROV: 210 250 83
SRC: 255 255 255  PROV: 100 116 107
SRC: 255 255 255  PROV: 95 209 138
SRC: 255 255 255  PROV: 48 123 26
SRC: 255 255 255  PROV: 63 221 133
SRC: 255 255 255  PROV: 249 99 56
SRC: 255 255 255  PROV: 200 118 155
SRC: 255 255 255  PROV: 22 129 27
SRC: 255 255 255  PROV: 78 240 32
SRC: 255 255 255  PROV: 219 44 23
SRC: 255 255 255  PROV: 39 160 106
SRC: 255 255 255  PROV: 157 183 132
SRC: 255 255 255  PROV: 168 220 206
SRC: 255 255 255  PROV: 178 121 181
SRC: 255 255 255  PROV: 39 249 162
SRC: 255 255 255  PROV: 112 199 0
SRC: 255 255 255  PROV: 249 77 58
SRC: 255 255 255  PROV: 43 246 186
SRC: 255 255 255  PROV: 115 45 236
SRC: 255 255 255  PROV: 58 92 58
SRC: 255 255 255  PROV: 234 237 14
SRC: 255 255 255  PROV: 240 77 211
SRC: 255 255 255  PROV: 181 229 244
SRC: 255 255 255  PROV: 164 32 220
SRC: 255 255 255  PROV: 40 104 244
SRC: 255 255 255  PROV: 171 41 169
SRC: 255 255 255  PROV: 153 204 100
SRC: 255 255 255  PROV: 91 190 145
SRC: 255 255 255  PROV: 92 103 153
SRC: 255 255 255  PROV: 8 52 232
SRC: 255 255 255  PROV: 200 142 232
SRC: 255 255 255  PROV: 8 225 3
SRC: 255 255 255  PROV: 50 150 166
SRC: 255 255 255  PROV: 176 25 57
SRC: 255 255 255  PROV: 238 213 40
SRC: 255 255 255  PROV: 86 51 222
SRC: 255 255 255  PROV: 83 159 197
SRC: 255 255 255  PROV: 79 131 72
SRC: 255 255 255  PROV: 182 74 210
SRC: 255 255 255  PROV: 241 95 204
SRC: 255 255 255  PROV: 107 44 163
SRC: 255 255 255  PROV: 143 28 192
SRC: 255 255 255  PROV: 201 154 142
SRC: 255 255 255  PROV: 129 16 120
SRC: 255 255 255  PROV: 36 233 232
SRC: 255 255 255  PROV: 27 144 74
SRC: 255 255 255  PROV: 210 111 8
SRC: 255 255 255  PROV: 179 241 140
SRC: 255 255 255  PROV: 41 128 65
SRC: 255 255 255  PROV: 158 136 146
SRC: 255 255 255  PROV: 125 115 234
SRC: 255 255 255  PROV: 49 171 178
SRC: 255 255 255  PROV: 36 156 87
SRC: 255 255 255  PROV: 193 176 66
SRC: 255 255 255  PROV: 116 81 223
SRC: 255 255 255  PROV: 165 235 151
SRC: 255 255 255  PROV: 193 231 214
SRC: 255 255 255  PROV: 49 177 6
SRC: 255 255 255  PROV: 97 180 145
SRC: 255 255 255  PROV: 187 89 228
SRC: 255 255 255  PROV: 169 12 103
SRC: 255 255 255  PROV: 151 56 134
SRC: 255 255 255  PROV: 239 70 172
SRC: 255 255 255  PROV: 28 162 67
SRC: 255 255 255  PROV: 136 182 182
SRC: 255 255 255  PROV: 158 238 112
SRC: 255 255 255  PROV: 201 179 218
SRC: 255 255 255  PROV: 116 112 97
SRC: 255 255 255  PROV: 8 144 110
SRC: 255 255 255  PROV: 241 126 108
SRC: 255 255 255  PROV: 154 164 198
SRC: 255 255 255  PROV: 109 109 230
SRC: 255 255 255  PROV: 212 67 56
SRC: 255 255 255  PROV: 59 146 38
SRC: 255 255 255  PROV: 12 196 26
SRC: 255 255 255  PROV: 177 68 127
SRC: 255 255 255  PROV: 150 123 192
SRC: 255 255 255  PROV: 38 214 72
SRC: 255 255 255  PROV: 201 191 128
SRC: 255 255 255  PROV: 237 159 213
SRC: 255 255 255  PROV: 250 227 176
SRC: 255 255 255  PROV: 92 244 125
SRC: 255 255 255  PROV: 126 62 165
SRC: 255 255 255  PROV: 201 43 148
SRC: 255 255 255  PROV: 170 37 179
SRC: 255 255 255  PROV: 137 151 111
SRC: 255 255 255  PROV: 211 237 50
SRC: 255 255 255  PROV: 242 144 101
SRC: 255 255 255  PROV: 80 235 116
SRC: 255 255 255  PROV: 88 105 202
SRC: 255 255 255  PROV: 116 117 209
SRC: 255 255 255  PROV: 17 122 244
SRC: 255 255 255  PROV: 151 225 158
SRC: 255 255 255  PROV: 114 22 56
SRC: 255 255 255  PROV: 12 131 47
SRC: 255 255 255  PROV: 209 147 236
SRC: 255 255 255  PROV: 42 177 218
SRC: 255 255 255  PROV: 130 71 100
SRC: 101 78 204  PROV: 69 192 244
SRC: 224 72 67  PROV: 221 135 246
SRC: 120 78 114  PROV: 179 5 211
SRC: 155 51 46  PROV: 52 167 248
SRC: 155 51 46  PROV: 202 215 205
SRC: 155 51 46  PROV: 223 255 190
SRC: 155 51 46  PROV: 222 138 54
SRC: 155 51 46  PROV: 50 226 158
SRC: 198 213 255  PROV: 69 115 99
SRC: 198 213 255  PROV: 131 166 238
SRC: 198 213 255  PROV: 85 232 171
SRC: 198 213 255  PROV: 38 161 3
SRC: 198 213 255  PROV: 98 62 98
SRC: 198 213 255  PROV: 114 40 49
SRC: 198 213 255  PROV: 194 202 221
SRC: 198 213 255  PROV: 188 144 208
SRC: 198 213 255  PROV: 202 227 115
SRC: 198 213 255  PROV: 88 46 50
SRC: 198 213 255  PROV: 208 221 120
SRC: 198 213 255  PROV: 157 89 175
SRC: 198 213 255  PROV: 41 13 66
SRC: 198 213 255  PROV: 223 100 156
SRC: 198 213 255  PROV: 42 201 38
SRC: 198 213 255  PROV: 117 166 77
SRC: 198 213 255  PROV: 41 102 121
SRC: 198 213 255  PROV: 178 116 24
SRC: 198 213 255  PROV: 123 58 146
SRC: 198 213 255  PROV: 238 35 82
SRC: 198 213 255  PROV: 117 154 196
SRC: 198 213 255  PROV: 124 9 81
SRC: 198 213 255  PROV: 109 219 101
SRC: 198 213 255  PROV: 179 122 107
SRC: 198 213 255  PROV: 184 82 204
SRC: 198 213 255  PROV: 231 205 243
SRC: 198 213 255  PROV: 171 85 76
SRC: 198 213 255  PROV: 110 86 65
SRC: 198 213 255  PROV: 155 58 60
SRC: 198 213 255  PROV: 157 107 169
SRC: 198 213 255  PROV: 223 85 241
SRC: 198 213 255  PROV: 203 97 127
SRC: 198 213 255  PROV: 203 251 191
SRC: 198 213 255  PROV: 75 142 27
SRC: 198 213 255  PROV: 180 131 253
SRC: 198 213 255  PROV: 115 70 209
SRC: 198 213 255  PROV: 241 66 0
SRC: 198 213 255  PROV: 153 224 246
SRC: 198 213 255  PROV: 214 140 29
SRC: 198 213 255  PROV: 18 176 224
SRC: 198 213 255  PROV: 184 184 169
SRC: 198 213 255  PROV: 51 12 228
SRC: 198 213 255  PROV: 237 26 250
SRC: 198 213 255  PROV: 82 74 87
SRC: 198 213 255  PROV: 203 7 102
SRC: 198 213 255  PROV: 196 189 144
SRC: 198 213 255  PROV: 166 214 64
SRC: 198 213 255  PROV: 222 189 226
SRC: 198 213 255  PROV: 213 220 223
SRC: 198 213 255  PROV: 246 158 163
SRC: 198 213 255  PROV: 171 109 153
SRC: 198 213 255  PROV: 96 181 42
SRC: 198 213 255  PROV: 127 224 193
SRC: 198 213 255  PROV: 115 89 202
SRC: 198 213 255  PROV: 167 137 175
SRC: 198 213 255  PROV: 132 221 218
SRC: 198 213 255  PROV: 118 190 182
SRC: 198 213 255  PROV: 232 152 175
SRC: 198 213 255  PROV: 67 212 45
SRC: 198 213 255  PROV: 243 223 157
SRC: 198 213 255  PROV: 99 33 105
SRC: 198 213 255  PROV: 253 7 251
SRC: 198 213 255  PROV: 44 250 191
SRC: 198 213 255  PROV: 89 101 30
SRC: 198 213 255  PROV: 242 179 132
SRC: 198 213 255  PROV: 94 79 91
SRC: 198 213 255  PROV: 10 164 14
SRC: 198 213 255  PROV: 97 27 7
SRC: 198 213 255  PROV: 204 32 178
SRC: 198 213 255  PROV: 182 29 120
SRC: 198 213 255  PROV: 139 125 197
SRC: 198 213 255  PROV: 180 171 4
SRC: 198 213 255  PROV: 156 17 158
SRC: 198 213 255  PROV: 175 26 254
SRC: 198 213 255  PROV: 86 48 144
SRC: 198 213 255  PROV: 253 191 189
SRC: 198 213 255  PROV: 14 49 241
SRC: 198 213 255  PROV: 244 241 151
SRC: 198 213 255  PROV: 25 105 24
SRC: 198 213 255  PROV: 232 3 223
SRC: 198 213 255  PROV: 204 44 88
SRC: 198 213 255  PROV: 47 77 237
SRC: 198 213 255  PROV: 125 208 8
SRC: 198 213 255  PROV: 31 33 20
SRC: 198 213 255  PROV: 128 171 125
SRC: 198 213 255  PROV: 12 216 171
SRC: 198 213 255  PROV: 44 18 11
SRC: 198 213 255  PROV: 76 196 7
SRC: 198 213 255  PROV: 214 90 9
SRC: 198 213 255  PROV: 52 61 125
SRC: 198 213 255  PROV: 210 216 204
SRC: 198 213 255  PROV: 26 151 98
SRC: 198 213 255  PROV: 119 227 169
SRC: 198 213 255  PROV: 83 39 12
SRC: 198 213 255  PROV: 25 206 245
SRC: 198 213 255  PROV: 52 67 208
SRC: 198 213 255  PROV: 15 240 6
SRC: 198 213 255  PROV: 19 64 3
SRC: 198 213 255  PROV: 172 158 50
SRC: 198 213 255  PROV: 69 116 252
SRC: 198 213 255  PROV: 72 45 204
SRC: 198 213 255  PROV: 31 52 14
SRC: 198 213 255  PROV: 54 243 43
SRC: 198 213 255  PROV: 247 213 143
SRC: 198 213 255  PROV: 204 68 165
SRC: 198 213 255  PROV: 34 172 214
SRC: 198 213 255  PROV: 97 119 141
SRC: 181 58 54  PROV: 245 15 54
SRC: 79 119 116  PROV: 72 224 59
SRC: 66 183 93  PROV: 197 83 6
SRC: 66 183 93  PROV: 215 213 2
SRC: 66 183 93  PROV: 233 206 155
SRC: 66 183 93  PROV: 100 171 57
SRC: 66 183 93  PROV: 181 213 73
SRC: 66 183 93  PROV: 68 184 53
SRC: 66 183 93  PROV: 126 189 103
SRC: 66 183 93  PROV: 205 80 75
SRC: 66 183 93  PROV: 155 220 74
SRC: 66 183 93  PROV: 83 202 208
SRC: 66 183 93  PROV: 96 134 71
SRC: 66 183 93  PROV: 44 122 26
SRC: 66 183 93  PROV: 34 17 179
SRC: 66 183 93  PROV: 173 182 126
SRC: 66 183 93  PROV: 55 211 228
SRC: 66 183 93  PROV: 44 212 81
SRC: 66 183 93  PROV: 245 33 47
SRC: 66 183 93  PROV: 254 39 233
SRC: 168 54 50  PROV: 176 80 234
SRC: 224 72 105  PROV: 120 7 156
SRC: 45 69 102  PROV: 191 182 105
SRC: 45 69 102  PROV: 239 200 189
SRC: 45 69 102  PROV: 117 167 3
SRC: 45 69 102  PROV: 186 191 164
SRC: 45 69 102  PROV: 41 122 11
SRC: 45 69 102  PROV: 45 66 164
SRC: 45 69 102  PROV: 48 131 217
SRC: 193 62 58  PROV: 158 167 20
SRC: 214 69 64  PROV: 224 24 192
SRC: 201 65 60  PROV: 97 66 73
SRC: 116 74 105  PROV: 141 142 23
SRC: 116 74 105  PROV: 205 104 151
SRC: 116 74 105  PROV: 141 59 51
SRC: 116 74 105  PROV: 55 112 85
SRC: 116 74 105  PROV: 53 115 105
SRC: 116 74 105  PROV: 243 175 216
SRC: 116 74 105  PROV: 219 141 14
SRC: 116 74 105  PROV: 88 121 117
SRC: 76 69 34  PROV: 212 221 120
SRC: 76 69 34  PROV: 187 37 129
SRC: 76 69 34  PROV: 118 186 252
SRC: 76 69 34  PROV: 112 7 82
SRC: 76 69 34  PROV: 20 119 239
SRC: 76 69 34  PROV: 206 117 61
SRC: 76 69 34  PROV: 6 107 167
SRC: 76 69 34  PROV: 41 196 152
SRC: 76 69 34  PROV: 160 234 122
SRC: 76 69 34  PROV: 215 73 183
SRC: 76 69 34  PROV: 56 75 187
SRC: 76 69 34  PROV: 46 91 241
SRC: 76 69 34  PROV: 35 226 194
SRC: 76 69 34  PROV: 130 77 153
SRC: 76 69 34  PROV: 182 6 226
SRC: 76 69 34  PROV: 41 118 7
SRC: 76 69 34  PROV: 70 10 114
SRC: 76 69 34  PROV: 121 43 142
SRC: 76 69 34  PROV: 42 69 199
SRC: 76 69 34  PROV: 198 194 133
SRC: 76 69 34  PROV: 182 12 53
SRC: 76 69 34  PROV: 102 142 65
SRC: 76 69 34  PROV: 63 180 19
SRC: 76 69 34  PROV: 174 231 23
SRC: 76 69 34  PROV: 28 146 182
SRC: 76 69 34  PROV: 244 32 92
SRC: 76 69 34  PROV: 161 252 115
SRC: 76 69 34  PROV: 141 145 102
SRC: 76 69 34  PROV: 35 72 159
SRC: 76 69 34  PROV: 206 141 138
SRC: 76 69 34  PROV: 249 202 144
SRC: 76 69 34  PROV: 13 106 29
SRC: 76 69 34  PROV: 118 216 155
SRC: 76 69 34  PROV: 159 126 117
SRC: 76 69 34  PROV: 242 199 22
SRC: 76 69 34  PROV: 217 30 232
SRC: 76 69 34  PROV: 192 236 85
SRC: 76 69 34  PROV: 17 158 201
SRC: 76 69 34  PROV: 54 158 174
SRC: 76 69 34  PROV: 155 86 112
SRC: 76 69 34  PROV: 171 49 119
SRC: 76 69 34  PROV: 206 153 48
SRC: 76 69 34  PROV: 114 250 5
SRC: 76 69 34  PROV: 255 189 96
SRC: 76 69 34  PROV: 225 79 172
SRC: 76 69 34  PROV: 131 24 84
SRC: 76 69 34  PROV: 78 133 195
SRC: 76 69 34  PROV: 175 255 99
SRC: 76 69 34  PROV: 14 242 159
SRC: 76 69 34  PROV: 216 199 225
SRC: 76 69 34  PROV: 119 234 149
SRC: 76 69 34  PROV: 85 197 36
SRC: 76 69 34  PROV: 221 196 250
SRC: 76 69 34  PROV: 121 80 129
SRC: 76 69 34  PROV: 150 212 36
SRC: 76 69 34  PROV: 156 187 77
SRC: 76 69 34  PROV: 247 112 104
SRC: 76 69 34  PROV: 17 93 222
SRC: 76 69 34  PROV: 86 237 27
SRC: 76 69 34  PROV: 47 139 137
SRC: 76 69 34  PROV: 7 161 147
SRC: 76 69 34  PROV: 74 154 164
SRC: 76 69 34  PROV: 98 225 38
SRC: 76 69 34  PROV: 184 224 131
SRC: 76 69 34  PROV: 185 2 39
SRC: 76 69 34  PROV: 207 177 124
SRC: 76 69 34  PROV: 100 89 238
SRC: 76 69 34  PROV: 227 100 229
SRC: 76 69 34  PROV: 183 60 206
SRC: 76 69 34  PROV: 74 77 19
SRC: 76 69 34  PROV: 8 1 30
SRC: 76 69 34  PROV: 90 194 90
SRC: 76 69 34  PROV: 171 252 50
SRC: 76 69 34  PROV: 103 24 17
SRC: 76 69 34  PROV: 247 130 97
SRC: 76 69 34  PROV: 199 165 141
SRC: 76 69 34  PROV: 65 234 255
SRC: 76 69 34  PROV: 207 189 35
SRC: 76 69 34  PROV: 221 137 98
SRC: 76 69 34  PROV: 213 183 40
SRC: 76 69 34  PROV: 34 179 223
SRC: 76 69 34  PROV: 46 231 242
SRC: 76 69 34  PROV: 100 191 203
SRC: 76 69 34  PROV: 47 163 214
SRC: 76 69 34  PROV: 250 1 124
SRC: 76 69 34  PROV: 46 65 41
SRC: 76 69 34  PROV: 55 206 71
SRC: 76 69 34  PROV: 128 20 65
SRC: 76 69 34  PROV: 115 125 130
SRC: 76 69 34  PROV: 122 116 116
SRC: 76 69 34  PROV: 1 99 129
SRC: 76 69 34  PROV: 114 181 21
SRC: 76 69 34  PROV: 56 212 154
SRC: 62 151 105  PROV: 189 44 124
SRC: 62 151 105  PROV: 108 39 35
SRC: 62 151 105  PROV: 176 48 252
SRC: 62 151 105  PROV: 243 176 113
SRC: 62 151 105  PROV: 160 20 236
SRC: 62 151 105  PROV: 34 197 216
SRC: 138 183 93  PROV: 228 47 160
SRC: 104 54 49  PROV: 79 187 175
SRC: 104 54 49  PROV: 208 214 111
SRC: 104 54 49  PROV: 208 232 75
SRC: 104 54 49  PROV: 185 94 173
SRC: 104 54 49  PROV: 248 161 1
SRC: 104 54 49  PROV: 246 28 176
SRC: 104 54 49  PROV: 30 58 38
SRC: 224 151 105  PROV: 219 102 205
SRC: 101 204 204  PROV: 151 11 16
SRC: 101 204 204  PROV: 189 146 89
SRC: 101 204 204  PROV: 184 103 20
SRC: 101 204 204  PROV: 242 244 170
SRC: 101 204 204  PROV: 215 164 135
SRC: 101 204 204  PROV: 208 226 21
SRC: 101 204 204  PROV: 73 24 191
SRC: 101 204 204  PROV: 171 177 240
SRC: 101 204 204  PROV: 99 23 17
SRC: 93 73 104  PROV: 218 182 143
SRC: 93 73 104  PROV: 123 248 211
SRC: 93 73 104  PROV: 176 72 72
SRC: 93 73 104  PROV: 229 16 89
SRC: 93 73 104  PROV: 132 186 113
SRC: 93 73 104  PROV: 248 179 250
SRC: 93 73 104  PROV: 172 100 95
SRC: 93 73 104  PROV: 9 55 10
SRC: 93 73 104  PROV: 123 153 102
SRC: 93 73 104  PROV: 109 242 222
SRC: 93 73 104  PROV: 72 175 221
SRC: 93 73 104  PROV: 120 57 205
SRC: 93 73 104  PROV: 104 251 25
SRC: 93 73 104  PROV: 130 97 43
SRC: 93 73 104  PROV: 49 212 111
SRC: 93 73 104  PROV: 222 191 78
SRC: 93 73 104  PROV: 246 142 52
SRC: 93 73 104  PROV: 227 170 139
SRC: 93 73 104  PROV: 15 126 190
SRC: 93 73 104  PROV: 230 117 55
SRC: 93 73 104  PROV: 209 250 98
SRC: 93 73 104  PROV: 59 119 168
SRC: 93 73 104  PROV: 144 87 117
SRC: 93 73 104  PROV: 57 5 51
SRC: 93 73 104  PROV: 161 235 77
SRC: 93 73 104  PROV: 52 116 46
SRC: 93 73 104  PROV: 91 11 63
SRC: 93 73 104  PROV: 130 26 237
SRC: 193 159 36  PROV: 19 12 161
SRC: 193 159 36  PROV: 121 75 198
SRC: 193 159 36  PROV: 30 67 199
SRC: 193 159 36  PROV: 109 94 15
SRC: 193 159 36  PROV: 209 6 8
SRC: 193 159 36  PROV: 180 167 29
SRC: 193 159 36  PROV: 130 170 184
SRC: 193 159 36  PROV: 164 124 68
SRC: 193 159 36  PROV: 133 133 44
SRC: 193 159 36  PROV: 145 50 219
SRC: 193 159 36  PROV: 49 236 187
SRC: 193 159 36  PROV: 209 31 55
SRC: 193 159 36  PROV: 219 52 185
SRC: 193 159 36  PROV: 185 151 173
SRC: 193 159 36  PROV: 215 179 124
SRC: 193 159 36  PROV: 159 241 146
SRC: 193 159 36  PROV: 124 189 89
SRC: 193 159 36  PROV: 216 129 60
SRC: 193 159 36  PROV: 30 168 165
SRC: 193 159 36  PROV: 185 157 0
SRC: 193 159 36  PROV: 20 202 182
SRC: 193 159 36  PROV: 152 155 51
SRC: 193 159 36  PROV: 177 120 225
SRC: 193 159 36  PROV: 202 206 43
SRC: 193 159 36  PROV: 77 7 124
SRC: 193 159 36  PROV: 164 142 61
SRC: 193 159 36  PROV: 59 205 219
SRC: 193 159 36  PROV: 124 47 191
SRC: 193 159 36  PROV: 209 30 84
SRC: 193 159 36  PROV: 167 6 5
SRC: 193 159 36  PROV: 102 81 61
SRC: 193 159 36  PROV: 122 105 102
SRC: 193 159 36  PROV: 77 186 234
SRC: 193 159 36  PROV: 74 174 54
SRC: 193 159 36  PROV: 220 175 178
SRC: 193 159 36  PROV: 110 41 202
SRC: 193 159 36  PROV: 105 133 233
SRC: 193 159 36  PROV: 58 47 121
SRC: 193 159 36  PROV: 73 146 229
SRC: 193 159 36  PROV: 3 23 151
SRC: 193 159 36  PROV: 210 42 250
SRC: 193 159 36  PROV: 32 54 122
SRC: 193 159 36  PROV: 88 164 128
SRC: 193 159 36  PROV: 228 224 119
SRC: 193 159 36  PROV: 49 84 202
SRC: 193 159 36  PROV: 167 108 227
SRC: 193 159 36  PROV: 178 145 46
SRC: 193 159 36  PROV: 188 46 20
SRC: 193 159 36  PROV: 49 174 1
SRC: 193 159 36  PROV: 122 124 95
SRC: 193 159 36  PROV: 3 2 153
SRC: 193 159 36  PROV: 53 171 26
SRC: 193 159 36  PROV: 125 225 75
SRC: 193 159 36  PROV: 68 16 153
SRC: 193 159 36  PROV: 244 162 109
SRC: 193 159 36  PROV: 250 2 50
SRC: 193 159 36  PROV: 191 153 83
SRC: 193 159 36  PROV: 174 212 59
SRC: 193 159 36  PROV: 50 29 84
SRC: 193 159 36  PROV: 181 221 8
SRC: 193 159 36  PROV: 163 129 196
SRC: 193 159 36  PROV: 101 114 240
SRC: 193 159 36  PROV: 102 28 248
SRC: 193 159 36  PROV: 18 233 71
SRC: 193 159 36  PROV: 210 67 71
SRC: 193 159 36  PROV: 18 149 99
SRC: 193 159 36  PROV: 60 75 5
SRC: 193 159 36  PROV: 186 206 152
SRC: 193 159 36  PROV: 248 137 136
SRC: 193 159 36  PROV: 96 232 62
SRC: 193 159 36  PROV: 93 83 37
SRC: 193 159 36  PROV: 89 56 168
SRC: 193 159 36  PROV: 192 255 49
SRC: 193 159 36  PROV: 251 20 44
SRC: 193 159 36  PROV: 117 225 2
SRC: 193 159 36  PROV: 153 209 31
SRC: 193 159 36  PROV: 211 79 237
SRC: 193 159 36  PROV: 139 197 215
SRC: 193 159 36  PROV: 46 158 72
SRC: 193 159 36  PROV: 37 69 169
SRC: 193 159 36  PROV: 220 36 103
SRC: 193 159 36  PROV: 189 165 235
SRC: 193 159 36  PROV: 51 53 160
SRC: 193 159 36  PROV: 168 61 241
SRC: 193 159 36  PROV: 135 40 73
SRC: 193 159 36  PROV: 59 96 18
SRC: 193 159 36  PROV: 46 81 182
SRC: 193 159 36  PROV: 203 100 162
SRC: 193 159 36  PROV: 126 6 62
SRC: 193 159 36  PROV: 175 159 246
SRC: 193 159 36  PROV: 203 156 53
SRC: 193 159 36  PROV: 59 102 101
SRC: 193 159 36  PROV: 107 105 241
SRC: 105 78 114  PROV: 196 14 67
SRC: 15 115 191  PROV: 179 193 198
SRC: 15 115 191  PROV: 161 236 230
SRC: 15 115 191  PROV: 249 251 12
SRC: 15 115 191  PROV: 38 87 163
SRC: 15 115 191  PROV: 146 107 21
SRC: 15 115 191  PROV: 168 162 207
SRC: 15 115 191  PROV: 211 103 57
SRC: 15 115 191  PROV: 126 36 192
SRC: 15 115 191  PROV: 18 68 205
SRC: 15 115 191  PROV: 251 50 203
SRC: 15 115 191  PROV: 164 88 37
SRC: 76 69 85  PROV: 119 33 70
SRC: 76 69 85  PROV: 222 248 151
SRC: 76 69 85  PROV: 69 71 133
SRC: 51 78 114  PROV: 22 121 121
SRC: 51 78 114  PROV: 187 248 222
SRC: 219 204 201  PROV: 160 48 31
SRC: 219 204 201  PROV: 48 139 167
SRC: 219 204 201  PROV: 211 115 224
SRC: 219 204 201  PROV: 247 84 52
SRC: 219 204 201  PROV: 4 152 16
SRC: 219 204 201  PROV: 102 169 220
SRC: 219 204 201  PROV: 136 243 4
SRC: 219 204 201  PROV: 211 223 243
SRC: 219 204 201  PROV: 180 217 19
SRC: 219 204 201  PROV: 147 76 207
SRC: 219 204 201  PROV: 221 161 145
SRC: 219 204 201  PROV: 252 68 196
SRC: 219 204 201  PROV: 90 160 212
SRC: 219 204 201  PROV: 98 30 42
SRC: 219 204 201  PROV: 126 42 49
SRC: 219 204 201  PROV: 27 46 83
SRC: 219 204 201  PROV: 161 150 253
SRC: 219 204 201  PROV: 124 202 151
SRC: 219 204 201  PROV: 22 56 142
SRC: 219 204 201  PROV: 219 72 75
SRC: 219 204 201  PROV: 52 101 57
SRC: 219 204 201  PROV: 140 251 195
SRC: 219 204 201  PROV: 79 117 83
SRC: 37 56 84  PROV: 231 59 85
SRC: 37 56 84  PROV: 189 186 51
SRC: 37 56 84  PROV: 62 92 87
SRC: 37 56 84  PROV: 212 140 44
SRC: 37 56 84  PROV: 233 179 29
SRC: 37 56 84  PROV: 232 62 149
SRC: 37 56 84  PROV: 60 151 254
SRC: 37 56 84  PROV: 79 39 194
SRC: 37 56 84  PROV: 141 91 77
SRC: 37 56 84  PROV: 95 156 10
SRC: 37 56 84  PROV: 48 86 98
SRC: 37 56 84  PROV: 108 242 193
SRC: 37 56 84  PROV: 124 221 145
SRC: 37 56 84  PROV: 204 127 61
SRC: 37 56 84  PROV: 198 69 47
SRC: 37 56 84  PROV: 212 152 210
SRC: 37 56 84  PROV: 98 227 146
SRC: 37 56 84  PROV: 218 145 215
SRC: 37 56 84  PROV: 167 13 15
SRC: 37 56 84  PROV: 51 194 161
SRC: 37 56 84  PROV: 233 25 251
SRC: 37 56 84  PROV: 52 126 133
SRC: 37 56 84  PROV: 127 91 172
SRC: 37 56 84  PROV: 51 27 217
SRC: 37 56 84  PROV: 188 41 119
SRC: 37 56 84  PROV: 133 239 241
SRC: 37 56 84  PROV: 248 216 177
SRC: 37 56 84  PROV: 127 78 35
SRC: 37 56 84  PROV: 134 189 177
SRC: 37 56 84  PROV: 119 143 197
SRC: 37 56 84  PROV: 189 47 202
SRC: 37 56 84  PROV: 194 7 43
SRC: 37 56 84  PROV: 241 129 83
SRC: 70 74 181  PROV: 181 10 172
SRC: 70 74 181  PROV: 120 11 160
SRC: 136 105 73  PROV: 165 238 155
SRC: 136 105 73  PROV: 167 32 8
SRC: 62 167 168  PROV: 233 9 80
SRC: 62 167 168  PROV: 212 22 223
SRC: 62 167 168  PROV: 213 176 31
SRC: 62 167 168  PROV: 85 66 122
SRC: 62 167 168  PROV: 190 56 93
SRC: 62 167 168  PROV: 125 251 48
SRC: 74 186 211  PROV: 251 246 96
SRC: 74 186 211  PROV: 163 149 85
SRC: 74 186 211  PROV: 224 65 124
SRC: 74 186 211  PROV: 28 101 63
SRC: 74 186 211  PROV: 194 108 9
SRC: 74 186 211  PROV: 61 193 67
SRC: 74 186 211  PROV: 247 206 90
SRC: 74 186 211  PROV: 92 254 183
SRC: 74 186 211  PROV: 213 188 197
SRC: 74 186 211  PROV: 206 114 239
SRC: 74 186 211  PROV: 176 139 159
SRC: 74 186 211  PROV: 232 114 65
SRC: 74 186 211  PROV: 223 145 63
SRC: 135 135 105  PROV: 0 83 3
SRC: 176 161 196  PROV: 181 34 248
SRC: 176 161 196  PROV: 106 106 137
SRC: 176 161 196  PROV: 137 149 33
SRC: 176 161 196  PROV: 125 13 42
SRC: 176 161 196  PROV: 177 62 14
SRC: 176 161 196  PROV: 142 146 57
SRC: 176 161 196  PROV: 128 115 22
SRC: 176 161 196  PROV: 242 76 14
SRC: 176 161 196  PROV: 77 137 141
SRC: 176 161 196  PROV: 253 147 253
SRC: 176 161 196  PROV: 109 214 200
SRC: 176 161 196  PROV: 7 187 91
SRC: 176 161 196  PROV: 53 174 30
SRC: 176 161 196  PROV: 99 26 126
SRC: 176 161 196  PROV: 251 104 227
SRC: 176 161 196  PROV: 104 4 186
SRC: 176 161 196  PROV: 20 88 109
SRC: 176 161 196  PROV: 107 207 103
SRC: 176 161 196  PROV: 214 212 17
SRC: 176 161 196  PROV: 192 209 216
SRC: 176 161 196  PROV: 148 50 37
SRC: 176 161 196  PROV: 190 95 99
SRC: 176 161 196  PROV: 166 197 253
SRC: 176 161 196  PROV: 185 206 93
SRC: 176 161 196  PROV: 96 229 239
SRC: 176 161 196  PROV: 7 116 29
SRC: 176 161 196  PROV: 24 230 81
SRC: 176 161 196  PROV: 254 165 246
SRC: 176 161 196  PROV: 35 29 119
SRC: 176 161 196  PROV: 242 184 63
SRC: 176 161 196  PROV: 214 224 183
SRC: 176 161 196  PROV: 57 1 76
SRC: 176 161 196  PROV: 135 133 103
SRC: 176 161 196  PROV: 41 214 116
SRC: 176 161 196  PROV: 138 96 220
SRC: 176 161 196  PROV: 22 140 11
SRC: 176 161 196  PROV: 54 198 107
SRC: 176 161 196  PROV: 86 121 102
SRC: 176 161 196  PROV: 224 14 105
SRC: 176 161 196  PROV: 62 242 220
SRC: 176 161 196  PROV: 220 141 43
SRC: 176 161 196  PROV: 36 75 193
SRC: 176 161 196  PROV: 129 151 8
SRC: 176 161 196  PROV: 93 219 107
SRC: 176 161 196  PROV: 35 131 85
SRC: 176 161 196  PROV: 62 248 47
SRC: 176 161 196  PROV: 25 165 102
SRC: 176 161 196  PROV: 29 245 99
SRC: 176 161 196  PROV: 182 83 145
SRC: 176 161 196  PROV: 79 41 91
SRC: 176 161 196  PROV: 82 226 43
SRC: 176 161 196  PROV: 41 232 109
SRC: 176 161 196  PROV: 64 167 139
SRC: 176 161 196  PROV: 1 137 239
SRC: 176 161 196  PROV: 214 249 4
SRC: 176 161 196  PROV: 44 96 53
SRC: 176 161 196  PROV: 107 43 237
SRC: 176 161 196  PROV: 255 196 149
SRC: 176 161 196  PROV: 82 148 154
SRC: 176 161 196  PROV: 207 8 101
SRC: 176 161 196  PROV: 225 137 98
SRC: 176 161 196  PROV: 243 131 250
SRC: 176 161 196  PROV: 110 96 153
SRC: 176 161 196  PROV: 191 138 169
SRC: 176 161 196  PROV: 78 108 148
SRC: 176 161 196  PROV: 136 114 199
SRC: 176 161 196  PROV: 215 5 170
SRC: 176 161 196  PROV: 165 144 169
SRC: 176 161 196  PROV: 93 127 47
SRC: 176 161 196  PROV: 105 58 166
SRC: 176 161 196  PROV: 54 47 121
SRC: 176 161 196  PROV: 44 198 19
SRC: 176 161 196  PROV: 183 107 221
SRC: 176 161 196  PROV: 65 136 68
SRC: 176 161 196  PROV: 54 136 177
SRC: 176 161 196  PROV: 255 214 143
SRC: 176 161 196  PROV: 8 220 73
SRC: 176 161 196  PROV: 186 5 73
SRC: 136 62 73  PROV: 130 188 251
SRC: 136 62 73  PROV: 201 107 201
SRC: 155 120 168  PROV: 249 124 29
SRC: 155 120 168  PROV: 127 92 98
SRC: 155 120 168  PROV: 196 116 3
SRC: 155 120 168  PROV: 51 47 107
SRC: 155 120 168  PROV: 55 247 3
SRC: 155 120 168  PROV: 58 56 56
SRC: 191 72 72  PROV: 168 91 115
SRC: 191 72 72  PROV: 234 205 32
SRC: 191 72 72  PROV: 107 246 168
SRC: 191 72 72  PROV: 151 67 119
SRC: 191 72 72  PROV: 215 29 247
SRC: 89 155 120  PROV: 151 240 146
SRC: 89 155 120  PROV: 65 37 181
SRC: 89 155 120  PROV: 63 40 200
SRC: 89 155 120  PROV: 253 99 55
SRC: 89 155 120  PROV: 229 66 109
SRC: 89 155 120  PROV: 98 46 212
SRC: 89 155 120  PROV: 222 146 215
SRC: 89 155 120  PROV: 197 217 225
SRC: 89 155 120  PROV: 127 110 91
SRC: 89 155 120  PROV: 122 187 178
SRC: 89 155 120  PROV: 30 43 79
SRC: 89 155 120  PROV: 216 41 157
SRC: 89 155 120  PROV: 16 31 7
SRC: 89 155 120  PROV: 51 120 247
SRC: 89 155 120  PROV: 170 159 217
SRC: 89 155 120  PROV: 225 254 22
SRC: 89 155 120  PROV: 66 0 27
SRC: 89 155 120  PROV: 56 15 80
SRC: 89 155 120  PROV: 45 151 33
SRC: 89 155 120  PROV: 140 2 249
SRC: 89 155 120  PROV: 192 186 65
SRC: 89 155 120  PROV: 51 43 102
SRC: 89 155 120  PROV: 80 191 209
SRC: 89 155 120  PROV: 131 224 238
SRC: 89 155 120  PROV: 52 250 38
SRC: 89 155 120  PROV: 208 118 229
SRC: 89 155 120  PROV: 192 192 148
SRC: 89 155 120  PROV: 112 67 160
SRC: 89 155 120  PROV: 73 104 115
SRC: 89 155 120  PROV: 184 155 118
SRC: 70 74 39  PROV: 38 71 21
SRC: 62 62 73  PROV: 254 213 187
SRC: 97 105 158  PROV: 171 177 210
SRC: 97 105 158  PROV: 151 69 197
SRC: 97 105 158  PROV: 45 253 255
SRC: 130 119 145  PROV: 216 65 233
SRC: 130 119 145  PROV: 3 127 240
SRC: 130 119 145  PROV: 23 31 125
SRC: 130 119 145  PROV: 128 140 251
SRC: 130 119 145  PROV: 169 51 213
SRC: 130 119 145  PROV: 251 124 117
SRC: 130 119 145  PROV: 227 210 71
SRC: 130 119 145  PROV: 202 161 180
SRC: 130 119 145  PROV: 27 83 41
SRC: 130 119 145  PROV: 64 83 14
SRC: 130 119 145  PROV: 165 10 207
SRC: 130 119 145  PROV: 181 229 215
SRC: 130 119 145  PROV: 216 78 143
SRC: 130 119 145  PROV: 124 174 100
SRC: 130 119 145  PROV: 9 114 191
SRC: 130 119 145  PROV: 235 3 12
SRC: 130 119 145  PROV: 141 205 180
SRC: 130 119 145  PROV: 88 57 34
SRC: 130 119 145  PROV: 185 180 194
SRC: 130 119 145  PROV: 24 166 254
SRC: 130 119 145  PROV: 226 124 64
SRC: 130 119 145  PROV: 129 159 244
SRC: 130 119 145  PROV: 95 122 131
SRC: 130 119 145  PROV: 231 120 89
SRC: 130 119 145  PROV: 131 4 224
SRC: 130 119 145  PROV: 160 137 131
SRC: 155 167 168  PROV: 166 112 172
SRC: 155 167 168  PROV: 1 37 199
SRC: 155 167 168  PROV: 27 18 62
SRC: 155 167 168  PROV: 96 162 122
SRC: 155 167 168  PROV: 57 64 233
SRC: 155 167 168  PROV: 17 86 243
SRC: 155 167 168  PROV: 84 79 3
SRC: 155 167 168  PROV: 108 149 133
SRC: 155 167 168  PROV: 194 148 226
SRC: 155 167 168  PROV: 195 182 134
SRC: 155 167 168  PROV: 217 102 220
SRC: 155 167 168  PROV: 110 14 77
SRC: 155 167 168  PROV: 237 24 68
SRC: 155 167 168  PROV: 193 241 45
SRC: 155 167 168  PROV: 84 2 114
SRC: 155 167 168  PROV: 18 181 125
SRC: 155 167 168  PROV: 100 119 185
SRC: 155 167 168  PROV: 181 176 146
SRC: 155 167 168  PROV: 113 205 112
SRC: 155 167 168  PROV: 1 55 192
SRC: 155 167 168  PROV: 209 89 236
SRC: 155 167 168  PROV: 75 159 94
SRC: 155 167 168  PROV: 217 114 130
SRC: 155 167 168  PROV: 231 61 193
SRC: 155 167 168  PROV: 223 108 135
SRC: 155 167 168  PROV: 44 104 62
SRC: 155 167 168  PROV: 56 156 81
SRC: 155 167 168  PROV: 110 115 42
SRC: 155 167 168  PROV: 57 88 53
SRC: 155 167 168  PROV: 4 181 219
SRC: 155 167 168  PROV: 56 245 136
SRC: 155 167 168  PROV: 65 131 167
SRC: 155 167 168  PROV: 138 201 161
SRC: 155 167 168  PROV: 125 50 225
SRC: 155 167 168  PROV: 132 41 211
SRC: 155 167 168  PROV: 11 24 224
SRC: 155 167 168  PROV: 124 106 116
SRC: 155 167 168  PROV: 66 137 250
SRC: 135 78 105  PROV: 199 225 219
SRC: 206 140 140  PROV: 118 220 130
SRC: 206 140 140  PROV: 186 228 91
SRC: 86 58 58  PROV: 253 101 208
SRC: 86 58 58  PROV: 170 201 75
SRC: 86 58 58  PROV: 44 122 55
SRC: 86 58 58  PROV: 238 227 0
SRC: 86 58 58  PROV: 89 112 14
SRC: 86 58 58  PROV: 218 138 206
SRC: 86 58 58  PROV: 218 157 170
SRC: 178 128 105  PROV: 195 18 12
SRC: 79 142 96  PROV: 2 85 96
SRC: 79 142 96  PROV: 0 209 15
SRC: 97 151 105  PROV: 40 239 133
SRC: 99 196 43  PROV: 229 27 44
SRC: 99 196 43  PROV: 161 191 111
SRC: 72 158 72  PROV: 199 70 184
SRC: 72 158 72  PROV: 194 27 115
SRC: 72 158 72  PROV: 252 168 9
SRC: 72 158 72  PROV: 225 89 230
SRC: 72 158 72  PROV: 218 150 117
SRC: 72 158 72  PROV: 83 204 31
SRC: 72 158 72  PROV: 181 101 79
SRC: 58 39 62  PROV: 109 204 113
SRC: 158 109 75  PROV: 228 107 238
SRC: 158 109 75  PROV: 133 173 50
SRC: 158 109 75  PROV: 186 252 168
SRC: 255 178 0  PROV: 239 196 185
SRC: 255 125 56  PROV: 142 111 208
SRC: 145 98 98  PROV: 2 103 89
SRC: 145 98 98  PROV: 182 24 190
SRC: 145 98 98  PROV: 19 236 105
SRC: 145 98 98  PROV: 133 77 197
SRC: 145 98 98  PROV: 118 167 62
SRC: 168 114 114  PROV: 82 99 60
SRC: 58 97 62  PROV: 130 237 44
SRC: 58 97 62  PROV: 114 176 120
SRC: 58 87 62  PROV: 140 21 138
SRC: 93 74 105  PROV: 58 137 206
SRC: 93 128 105  PROV: 232 116 173
SRC: 93 128 105  PROV: 0 66 147
SRC: 93 128 105  PROV: 237 94 234
SRC: 74 85 211  PROV: 25 50 29
SRC: 74 85 211  PROV: 240 42 150
SRC: 74 85 211  PROV: 219 175 193
SRC: 74 85 211  PROV: 69 44 7
SRC: 74 85 211  PROV: 153 12 212
SRC: 74 85 211  PROV: 67 186 146
SRC: 74 85 211  PROV: 171 160 172
SRC: 74 85 211  PROV: 62 41 141
SRC: 74 85 211  PROV: 101 191 159
SRC: 74 85 211  PROV: 140 206 76
SRC: 216 178 41  PROV: 29 192 0
SRC: 216 178 41  PROV: 131 0 38
SRC: 216 178 41  PROV: 40 248 39
SRC: 216 178 41  PROV: 119 18 110
SRC: 216 178 41  PROV: 219 187 103
SRC: 216 178 41  PROV: 190 91 124
SRC: 216 178 41  PROV: 140 95 23
SRC: 216 178 41  PROV: 174 48 163
SRC: 216 178 41  PROV: 143 58 140
SRC: 216 178 41  PROV: 155 231 58
SRC: 0 0 120  PROV: 59 161 26
SRC: 219 149 149  PROV: 219 211 150
SRC: 247 168 168  PROV: 229 233 24
SRC: 58 87 119  PROV: 195 76 12
SRC: 175 155 255  PROV: 225 103 219
SRC: 175 155 255  PROV: 169 166 241
SRC: 175 155 255  PROV: 134 114 184
SRC: 175 155 255  PROV: 226 54 155
SRC: 175 155 255  PROV: 40 93 4
SRC: 175 155 255  PROV: 195 82 95
SRC: 175 155 255  PROV: 30 127 21
SRC: 175 155 255  PROV: 162 79 146
SRC: 175 155 255  PROV: 187 45 64
SRC: 175 155 255  PROV: 212 131 138
SRC: 155 255 168  PROV: 87 188 219
SRC: 155 255 168  PROV: 174 67 157
SRC: 155 255 168  PROV: 69 130 58
SRC: 155 255 168  PROV: 134 227 30
SRC: 85 98 98  PROV: 219 211 180
SRC: 155 147 168  PROV: 176 187 101
SRC: 155 147 168  PROV: 112 6 156
SRC: 155 147 168  PROV: 132 30 197
SRC: 155 147 168  PROV: 87 111 74
SRC: 155 147 168  PROV: 84 98 149
SRC: 155 147 168  PROV: 230 100 17
SRC: 155 147 168  PROV: 120 221 42
SRC: 93 128 195  PROV: 115 58 72
SRC: 93 128 195  PROV: 68 228 216
SRC: 93 128 195  PROV: 83 71 68
SRC: 93 128 195  PROV: 13 204 246
SRC: 93 128 195  PROV: 220 223 90
SRC: 93 128 195  PROV: 42 234 217
SRC: 64 96 47  PROV: 98 89 223
SRC: 96 60 81  PROV: 238 149 214
SRC: 85 170 193  PROV: 59 9 41
SRC: 85 170 193  PROV: 177 32 66
SRC: 85 170 193  PROV: 188 69 141
SRC: 85 170 193  PROV: 198 226 115
SRC: 85 170 193  PROV: 59 98 96
SRC: 85 170 193  PROV: 132 48 190
SRC: 197 182 219  PROV: 13 182 248
SRC: 197 182 219  PROV: 63 95 121
SRC: 197 182 219  PROV: 135 150 171
SRC: 206 190 229  PROV: 77 197 248
SRC: 255 242 0  PROV: 254 87 204
SRC: 142 154 158  PROV: 4 182 146
SRC: 142 154 158  PROV: 201 78 179
SRC: 142 154 158  PROV: 184 137 154
SRC: 142 154 158  PROV: 60 209 179
SRC: 142 154 158  PROV: 191 146 104
SRC: 142 154 158  PROV: 173 54 35
SRC: 142 154 158  PROV: 111 39 79
SRC: 142 154 158  PROV: 112 209 87
SRC: 142 154 158  PROV: 28 157 166
SRC: 142 154 158  PROV: 220 247 166
SRC: 142 154 158  PROV: 28 74 194
SRC: 142 154 158  PROV: 70 255 100
SRC: 142 154 158  PROV: 196 130 248
SRC: 201 128 195  PROV: 2 62 231
SRC: 198 47 67  PROV: 106 156 157
SRC: 234 226 0  PROV: 103 8 132
SRC: 234 226 0  PROV: 99 236 7
SRC: 234 226 0  PROV: 201 180 144
SRC: 234 226 0  PROV: 4 200 139
SRC: 234 226 0  PROV: 127 150 97
SRC: 234 226 0  PROV: 163 134 126
SRC: 86 191 154  PROV: 221 3 76
SRC: 86 191 154  PROV: 149 122 54
SRC: 86 188 86  PROV: 56 83 167
SRC: 86 188 86  PROV: 47 249 9
SRC: 86 188 86  PROV: 230 216 198
SRC: 86 188 86  PROV: 199 90 74
SRC: 61 108 140  PROV: 61 234 255
SRC: 219 207 41  PROV: 178 241 81
SRC: 219 207 41  PROV: 145 220 168
SRC: 234 193 44  PROV: 69 21 113
SRC: 234 193 44  PROV: 56 5 22
SRC: 234 193 44  PROV: 213 25 1
SRC: 234 193 44  PROV: 135 186 157
SRC: 234 193 44  PROV: 185 84 85
SRC: 239 57 81  PROV: 213 80 148
SRC: 215 198 239  PROV: 69 27 196
SRC: 201 197 195  PROV: 117 29 80
SRC: 201 197 195  PROV: 206 195 162
SRC: 68 63 140  PROV: 189 118 38
SRC: 85 87 135  PROV: 171 161 69
SRC: 85 87 135  PROV: 3 175 107
SRC: 85 87 135  PROV: 48 11 2
SRC: 85 87 135  PROV: 156 32 117
SRC: 85 87 135  PROV: 178 87 46
SRC: 85 87 135  PROV: 221 28 153
SRC: 85 87 135  PROV: 135 217 31
SRC: 85 87 135  PROV: 28 249 44
SRC: 85 87 135  PROV: 5 231 42
SRC: 85 87 135  PROV: 174 13 132
SRC: 85 87 135  PROV: 128 214 165
SRC: 85 87 135  PROV: 232 172 247
SRC: 85 87 135  PROV: 79 251 228
SRC: 85 87 135  PROV: 32 45 216
SRC: 85 87 135  PROV: 197 173 61
SRC: 85 87 135  PROV: 170 229 127
SRC: 85 87 135  PROV: 57 63 6
SRC: 48 142 142  PROV: 221 40 63
SRC: 48 142 142  PROV: 1 9 148
SRC: 48 142 142  PROV: 14 76 111
SRC: 48 142 142  PROV: 112 94 59
SRC: 48 142 142  PROV: 146 167 99
SRC: 48 142 142  PROV: 221 148 82
SRC: 48 142 142  PROV: 190 142 114
SRC: 48 142 142  PROV: 157 0 46
SRC: 48 142 142  PROV: 231 86 240
SRC: 48 142 142  PROV: 6 249 36
SRC: 48 142 142  PROV: 100 84 51
SRC: 48 142 142  PROV: 108 211 137
SRC: 48 142 142  PROV: 136 223 144
SRC: 48 142 142  PROV: 36 227 179
SRC: 48 142 142  PROV: 171 74 92
SRC: 48 142 142  PROV: 134 127 247
SRC: 105 159 175  PROV: 32 236 237
SRC: 105 159 175  PROV: 229 252 170
SRC: 105 159 175  PROV: 62 26 152
SRC: 105 159 175  PROV: 150 176 34
SRC: 105 159 175  PROV: 89 41 179
SRC: 105 159 175  PROV: 241 240 180
SRC: 93 99 140  PROV: 199 111 146
SRC: 105 132 165  PROV: 72 17 182
SRC: 105 132 165  PROV: 222 64 139
SRC: 105 132 165  PROV: 243 104 124
SRC: 105 132 165  PROV: 242 243 244
SRC: 105 132 165  PROV: 70 75 93
SRC: 105 132 165  PROV: 89 220 34
SRC: 105 132 165  PROV: 151 16 173
SRC: 105 132 165  PROV: 105 81 105
SRC: 105 132 165  PROV: 58 10 193
SRC: 105 132 165  PROV: 118 167 32
SRC: 105 132 165  PROV: 134 145 240
SRC: 105 132 165  PROV: 214 52 156
SRC: 105 132 165  PROV: 208 249 142
SRC: 105 132 165  PROV: 222 76 50
SRC: 105 132 165  PROV: 108 152 241
SRC: 105 132 165  PROV: 228 70 55
SRC: 105 132 165  PROV: 177 194 110
SRC: 105 132 165  PROV: 61 118 1
SRC: 105 132 165  PROV: 243 205 90
SRC: 105 132 165  PROV: 62 50 229
SRC: 105 132 165  PROV: 137 15 11
SRC: 105 132 165  PROV: 61 208 56
SRC: 105 132 165  PROV: 198 221 214
SRC: 105 132 165  PROV: 143 163 80
SRC: 105 132 165  PROV: 2 140 17
SRC: 105 132 165  PROV: 137 3 130
SRC: 105 132 165  PROV: 144 114 16
SRC: 105 132 165  PROV: 129 68 36
SRC: 105 132 165  PROV: 199 227 41
SRC: 105 132 165  PROV: 204 187 138
SRC: 105 132 165  PROV: 251 54 178
SRC: 105 132 165  PROV: 191 190 11
SRC: 105 132 165  PROV: 130 191 0
SRC: 105 132 165  PROV: 175 163 251
SRC: 62 142 93  PROV: 177 212 103
SRC: 109 122 57  PROV: 243 190 175
SRC: 109 122 57  PROV: 222 202 62
SRC: 109 122 57  PROV: 223 101 126
SRC: 109 122 57  PROV: 94 247 218
SRC: 109 122 57  PROV: 200 236 188
SRC: 109 122 57  PROV: 135 176 144
SRC: 109 122 57  PROV: 5 171 191
SRC: 109 122 57  PROV: 173 73 181
SRC: 109 122 57  PROV: 234 245 220
SRC: 130 134 255  PROV: 38 26 159
SRC: 130 134 255  PROV: 204 33 104
SRC: 130 134 255  PROV: 71 118 163
SRC: 130 134 255  PROV: 1 131 185
SRC: 130 134 255  PROV: 102 179 22
SRC: 100 196 109  PROV: 223 113 36
SRC: 182 147 109  PROV: 216 39 78
SRC: 182 147 109  PROV: 186 64 255
SRC: 182 147 109  PROV: 242 38 160
SRC: 182 147 109  PROV: 233 69 158
SRC: 33 33 33  PROV: 10 7 98
SRC: 33 33 33  PROV: 191 215 87
SRC: 33 33 33  PROV: 116 31 232
SRC: 33 33 33  PROV: 147 73 128
SRC: 69 158 158  PROV: 135 194 137
SRC: 69 158 158  PROV: 187 242 109
SRC: 96 94 92  PROV: 152 70 153
SRC: 96 94 92  PROV: 138 39 117
SRC: 96 94 92  PROV: 251 1 109
SRC: 255 142 245  PROV: 87 62 236
SRC: 97 78 70  PROV: 7 72 92
SRC: 97 78 70  PROV: 119 138 40
SRC: 69 82 93  PROV: 17 112 186
SRC: 255 142 93  PROV: 63 99 125
SRC: 97 124 70  PROV: 109 206 221
SRC: 59 70 99  PROV: 5 29 67
SRC: 59 70 99  PROV: 114 185 26
SRC: 85 85 193  PROV: 30 13 205
SRC: 85 85 193  PROV: 117 132 198
SRC: 85 85 193  PROV: 224 137 113
SRC: 85 85 193  PROV: 202 134 55
SRC: 85 85 193  PROV: 158 230 132
SRC: 85 85 193  PROV: 200 20 194
SRC: 85 85 193  PROV: 176 122 92
SRC: 85 85 193  PROV: 195 131 189
SRC: 85 85 193  PROV: 106 154 78
SRC: 85 85 193  PROV: 17 41 124
SRC: 85 85 193  PROV: 34 154 176
SRC: 85 85 193  PROV: 8 90 85
SRC: 85 85 193  PROV: 45 210 214
SRC: 85 85 193  PROV: 252 109 158
SRC: 85 85 193  PROV: 224 149 23
SRC: 68 68 153  PROV: 67 182 171
SRC: 234 230 121  PROV: 144 57 199
SRC: 234 230 121  PROV: 51 139 211
SRC: 234 230 121  PROV: 148 20 59
SRC: 234 230 121  PROV: 32 65 106
SRC: 234 230 121  PROV: 64 123 202
SRC: 176 178 255  PROV: 96 46 198
SRC: 176 178 255  PROV: 234 195 200
SRC: 176 178 255  PROV: 72 166 59
SRC: 176 178 255  PROV: 230 66 139
SRC: 176 178 255  PROV: 46 0 33
SRC: 198 144 111  PROV: 139 76 104
SRC: 198 144 111  PROV: 103 144 203
SRC: 198 144 111  PROV: 45 55 180
SRC: 234 205 93  PROV: 72 172 143
SRC: 234 205 93  PROV: 35 89 197
SRC: 234 205 93  PROV: 39 169 194
SRC: 55 90 137  PROV: 192 7 240
SRC: 55 90 137  PROV: 89 221 186
SRC: 135 155 96  PROV: 92 150 139
SRC: 97 211 97  PROV: 51 157 204
SRC: 97 211 97  PROV: 74 92 234
SRC: 97 211 97  PROV: 11 62 78
SRC: 97 211 97  PROV: 224 173 99
SRC: 97 211 97  PROV: 53 21 148
SRC: 69 103 142  PROV: 117 224 76
SRC: 69 103 142  PROV: 8 120 245
SRC: 69 103 142  PROV: 92 73 249
SRC: 41 99 140  PROV: 217 189 197
SRC: 79 104 137  PROV: 235 62 193
SRC: 79 104 137  PROV: 253 56 89
SRC: 79 104 137  PROV: 120 20 248
SRC: 79 104 137  PROV: 201 62 8
SRC: 79 104 137  PROV: 88 33 244
SRC: 117 113 85  PROV: 146 38 38
SRC: 117 113 85  PROV: 225 185 9
SRC: 117 113 85  PROV: 175 69 9
SRC: 117 113 85  PROV: 103 51 143
SRC: 153 74 43  PROV: 115 239 6
SRC: 153 74 43  PROV: 64 227 216
SRC: 153 74 43  PROV: 54 123 114
SRC: 153 74 43  PROV: 193 31 60
SRC: 153 74 43  PROV: 75 61 163
SRC: 153 74 43  PROV: 64 61 16
SRC: 153 74 43  PROV: 9 139 238
SRC: 153 74 43  PROV: 18 145 168
SRC: 153 74 43  PROV: 196 186 169
SRC: 153 74 43  PROV: 140 112 90
SRC: 153 74 43  PROV: 210 31 40
SRC: 153 74 43  PROV: 3 49 124
SRC: 153 74 43  PROV: 137 17 193
SRC: 153 74 43  PROV: 206 40 98
SRC: 153 74 43  PROV: 61 227 202
SRC: 153 74 43  PROV: 65 172 99
SRC: 153 74 43  PROV: 68 236 151
SRC: 153 74 43  PROV: 178 16 211
SRC: 153 74 43  PROV: 244 129 127
SRC: 153 74 43  PROV: 117 171 7
SRC: 153 74 43  PROV: 161 247 214
SRC: 153 74 43  PROV: 225 210 86
SRC: 153 74 43  PROV: 161 164 242
SRC: 153 74 43  PROV: 75 218 20
SRC: 153 74 43  PROV: 73 221 39
SRC: 153 74 43  PROV: 7 24 151
SRC: 153 74 43  PROV: 239 246 205
SRC: 153 74 43  PROV: 108 226 52
SRC: 147 176 255  PROV: 232 71 54
SRC: 147 176 255  PROV: 206 142 64
SRC: 147 176 255  PROV: 137 35 186
SRC: 147 176 255  PROV: 132 112 17
SRC: 147 176 255  PROV: 40 224 174
SRC: 234 205 121  PROV: 226 222 252
SRC: 105 158 0  PROV: 26 212 102
SRC: 105 158 0  PROV: 61 45 87
SRC: 55 62 137  PROV: 180 84 56
SRC: 160 56 0  PROV: 235 178 118
SRC: 160 56 0  PROV: 76 180 122
SRC: 160 56 0  PROV: 66 196 175
SRC: 160 56 0  PROV: 55 76 128
SRC: 160 56 0  PROV: 150 182 88
SRC: 104 90 83  PROV: 202 111 161
SRC: 242 185 142  PROV: 61 224 197
SRC: 242 185 142  PROV: 90 115 49
SRC: 242 185 142  PROV: 140 149 77
SRC: 242 185 142  PROV: 62 174 133
SRC: 242 185 142  PROV: 218 43 68
SRC: 242 185 142  PROV: 202 117 244
SRC: 242 185 142  PROV: 122 247 0
SRC: 242 185 142  PROV: 83 29 210
SRC: 242 185 142  PROV: 194 80 213
SRC: 242 185 142  PROV: 48 251 117
SRC: 242 185 142  PROV: 8 138 26
SRC: 242 185 142  PROV: 181 102 50
SRC: 78 164 119  PROV: 161 250 36
SRC: 78 164 119  PROV: 55 177 94
SRC: 78 164 119  PROV: 226 246 72
SRC: 90 122 73  PROV: 12 51 79
SRC: 173 193 255  PROV: 33 211 220
SRC: 79 137 89  PROV: 138 65 90
SRC: 79 137 89  PROV: 179 231 52
SRC: 167 136 135  PROV: 5 48 212
SRC: 167 136 135  PROV: 237 135 166
SRC: 167 136 135  PROV: 212 86 20
SRC: 167 136 135  PROV: 37 8 136
SRC: 167 136 135  PROV: 74 7 109
SRC: 167 136 135  PROV: 175 191 46
SRC: 167 136 135  PROV: 190 154 54
SRC: 167 136 135  PROV: 226 2 239
SRC: 167 136 135  PROV: 134 99 195
SRC: 167 136 135  PROV: 19 39 30
SRC: 255 133 170  PROV: 245 184 107
SRC: 80 122 57  PROV: 151 129 19
SRC: 80 122 57  PROV: 98 238 130
SRC: 113 153 91  PROV: 194 104 34
SRC: 182 174 190  PROV: 34 91 93
SRC: 119 94 80  PROV: 236 48 160
SRC: 206 75 1  PROV: 139 83 83
SRC: 206 75 1  PROV: 105 47 227
SRC: 206 75 1  PROV: 241 45 184
SRC: 206 75 1  PROV: 141 185 63
SRC: 206 75 1  PROV: 169 61 226
SRC: 206 75 1  PROV: 176 36 12
SRC: 206 75 1  PROV: 11 217 38
SRC: 206 75 1  PROV: 37 199 157
SRC: 206 75 1  PROV: 106 87 218
SRC: 206 75 1  PROV: 67 244 72
SRC: 158 74 66  PROV: 27 10 82
SRC: 158 74 66  PROV: 94 3 98
SRC: 158 74 66  PROV: 117 74 228
SRC: 183 93 14  PROV: 204 73 66
SRC: 78 78 119  PROV: 205 107 230
SRC: 78 78 119  PROV: 227 26 59
SRC: 137 48 0  PROV: 120 194 172
SRC: 137 48 0  PROV: 247 205 164
SRC: 137 48 0  PROV: 203 165 141
SRC: 137 48 0  PROV: 94 182 209
SRC: 137 48 0  PROV: 28 106 220
SRC: 137 48 0  PROV: 110 43 25
SRC: 137 48 0  PROV: 191 101 241
SRC: 137 48 0  PROV: 123 129 208
SRC: 137 48 0  PROV: 11 236 32
SRC: 137 48 0  PROV: 219 14 75
SRC: 137 48 0  PROV: 85 83 190
SRC: 137 48 0  PROV: 227 39 225
SRC: 137 48 0  PROV: 241 242 33
SRC: 137 48 0  PROV: 233 32 230
SRC: 137 48 0  PROV: 54 28 157
SRC: 137 48 0  PROV: 66 81 176
SRC: 137 48 0  PROV: 120 40 138
SRC: 66 67 110  PROV: 67 13 148
SRC: 66 67 110  PROV: 14 106 59
SRC: 66 67 110  PROV: 66 170 232
SRC: 66 67 110  PROV: 75 56 6
SRC: 66 67 110  PROV: 148 126 0
SRC: 66 67 110  PROV: 135 231 64
SRC: 66 67 110  PROV: 142 221 50
SRC: 66 67 110  PROV: 21 204 64
SRC: 66 67 110  PROV: 134 30 212
SRC: 66 67 110  PROV: 76 62 89
SRC: 66 67 110  PROV: 209 150 58
SRC: 86 61 47  PROV: 128 144 226
SRC: 137 114 56  PROV: 196 153 187
SRC: 128 155 73  PROV: 7 25 47
SRC: 99 198 180  PROV: 180 125 170
SRC: 99 198 180  PROV: 54 46 151
SRC: 99 198 180  PROV: 248 152 95
SRC: 99 198 180  PROV: 99 37 110
SRC: 117 178 85  PROV: 228 63 46
SRC: 137 109 37  PROV: 227 81 9
SRC: 178 94 49  PROV: 205 199 108
SRC: 178 94 49  PROV: 12 10 191
SRC: 178 94 49  PROV: 10 133 111
SRC: 183 93 105  PROV: 50 164 228
SRC: 119 87 68  PROV: 239 208 139
SRC: 196 163 139  PROV: 171 116 206
SRC: 204 119 91  PROV: 209 251 24
SRC: 204 119 91  PROV: 204 208 210
SRC: 204 119 91  PROV: 6 93 105
SRC: 204 119 91  PROV: 235 13 70
SRC: 204 119 91  PROV: 228 75 212
SRC: 204 119 91  PROV: 93 129 126
SRC: 204 119 91  PROV: 191 26 174
SRC: 153 103 85  PROV: 119 129 208
SRC: 36 44 130  PROV: 238 32 78
SRC: 36 44 130  PROV: 142 97 146
SRC: 36 44 130  PROV: 196 177 7
SRC: 36 44 130  PROV: 249 121 24
SRC: 36 44 130  PROV: 152 36 48
SRC: 36 44 130  PROV: 12 28 184
SRC: 36 44 130  PROV: 191 205 29
SRC: 36 44 130  PROV: 29 160 200
SRC: 165 130 70  PROV: 143 2 37
SRC: 12 17 63  PROV: 128 91 157
SRC: 12 17 63  PROV: 92 24 156
SRC: 12 17 63  PROV: 140 162 140
SRC: 12 17 63  PROV: 124 101 215
SRC: 12 17 63  PROV: 150 202 234
SRC: 12 17 63  PROV: 68 61 45
SRC: 12 17 63  PROV: 242 41 12
SRC: 12 17 63  PROV: 10 247 242
SRC: 12 17 63  PROV: 247 19 73
SRC: 147 78 119  PROV: 35 231 124
SRC: 201 74 43  PROV: 250 222 246
SRC: 201 74 43  PROV: 229 99 32
SRC: 15 22 79  PROV: 79 224 103
SRC: 15 22 79  PROV: 163 192 52
SRC: 188 133 103  PROV: 77 110 242
SRC: 188 133 103  PROV: 181 84 12
SRC: 188 133 103  PROV: 72 221 236
SRC: 188 133 103  PROV: 111 116 254
SRC: 188 133 103  PROV: 150 131 172
SRC: 188 133 103  PROV: 39 117 96
SRC: 188 133 103  PROV: 141 180 133
SRC: 45 63 226  PROV: 50 172 134
SRC: 45 63 226  PROV: 129 199 206
SRC: 45 63 226  PROV: 229 111 198
SRC: 153 116 65  PROV: 200 16 219
SRC: 63 26 35  PROV: 149 20 118
SRC: 63 26 35  PROV: 184 229 3
SRC: 63 26 35  PROV: 153 239 235
SRC: 63 26 35  PROV: 165 155 154
SRC: 63 26 35  PROV: 69 85 122
SRC: 175 164 119  PROV: 229 136 245
SRC: 175 164 119  PROV: 239 157 120
SRC: 175 164 119  PROV: 205 0 107
SRC: 175 164 119  PROV: 235 28 58
SRC: 175 164 119  PROV: 179 90 80
SRC: 175 164 119  PROV: 144 38 23
SRC: 175 164 119  PROV: 236 234 250
SRC: 175 164 119  PROV: 50 18 100
SRC: 175 164 119  PROV: 205 7 190
SRC: 183 0 9  PROV: 40 52 117
SRC: 183 0 9  PROV: 172 4 242
SRC: 183 0 9  PROV: 197 226 160
SRC: 183 0 9  PROV: 222 56 234
SRC: 183 0 9  PROV: 97 113 58
SRC: 183 0 9  PROV: 184 247 252
SRC: 21 30 109  PROV: 79 54 154
SRC: 21 30 109  PROV: 144 152 126
SRC: 21 30 109  PROV: 229 136 19
SRC: 58 74 66  PROV: 186 111 196
SRC: 58 74 66  PROV: 122 186 252
SRC: 119 32 5  PROV: 141 211 36
SRC: 119 32 5  PROV: 97 35 169
SRC: 119 32 5  PROV: 94 23 244
SRC: 119 32 5  PROV: 240 24 113
SRC: 119 32 5  PROV: 130 146 137
SRC: 119 32 5  PROV: 125 239 168
SRC: 119 32 5  PROV: 78 153 55
SRC: 119 32 5  PROV: 93 251 163
SRC: 119 32 5  PROV: 23 129 86
SRC: 119 32 5  PROV: 230 148 185
SRC: 119 32 5  PROV: 52 159 56
SRC: 119 32 5  PROV: 108 13 62
SRC: 119 32 5  PROV: 248 73 53
SRC: 183 49 9  PROV: 69 190 136
SRC: 183 49 9  PROV: 187 213 162
SRC: 183 49 9  PROV: 198 250 236
SRC: 109 0 5  PROV: 208 151 211
SRC: 109 0 5  PROV: 69 23 192
SRC: 109 0 5  PROV: 142 229 30
SRC: 109 0 5  PROV: 22 107 88
SRC: 109 0 5  PROV: 73 20 216
SRC: 109 0 5  PROV: 145 75 10
SRC: 109 0 5  PROV: 87 121 87
SRC: 109 0 5  PROV: 8 11 44
SRC: 109 0 5  PROV: 14 107 241
SRC: 109 0 5  PROV: 211 3 18
SRC: 109 0 5  PROV: 194 62 250
SRC: 153 56 45  PROV: 70 134 18
SRC: 153 56 45  PROV: 201 71 199
SRC: 153 56 45  PROV: 183 234 130
SRC: 153 56 45  PROV: 121 220 175
SRC: 137 96 35  PROV: 122 133 183
SRC: 151 120 137  PROV: 38 82 6
SRC: 151 120 137  PROV: 230 172 5
SRC: 151 120 137  PROV: 38 254 33
SRC: 151 120 137  PROV: 80 180 196
SRC: 151 120 137  PROV: 206 55 87
SRC: 137 178 150  PROV: 12 242 70
SRC: 137 178 150  PROV: 116 81 252
SRC: 165 117 58  PROV: 113 189 227
SRC: 165 117 58  PROV: 109 161 102
SRC: 181 111 61  PROV: 211 104 240
SRC: 255 135 71  PROV: 14 125 234
SRC: 63 55 41  PROV: 137 74 193
SRC: 96 62 92  PROV: 173 58 221
SRC: 73 42 66  PROV: 230 184 172
SRC: 73 42 66  PROV: 159 46 150
SRC: 86 173 157  PROV: 66 7 6
SRC: 204 168 148  PROV: 57 174 104
SRC: 119 56 29  PROV: 240 141 37
SRC: 137 81 150  PROV: 209 15 169
SRC: 151 168 160  PROV: 71 158 95
SRC: 211 57 10  PROV: 188 166 176
SRC: 137 57 77  PROV: 155 145 7
SRC: 149 255 135  PROV: 79 201 208
SRC: 149 255 135  PROV: 66 186 117
SRC: 149 255 135  PROV: 223 206 96
SRC: 149 255 135  PROV: 145 111 253
SRC: 149 255 135  PROV: 195 9 181
SRC: 149 255 135  PROV: 223 5 243
SRC: 149 255 135  PROV: 79 207 35
SRC: 149 255 135  PROV: 127 210 175
SRC: 149 255 135  PROV: 216 119 1
SRC: 149 255 135  PROV: 199 42 133
SRC: 149 255 135  PROV: 181 86 164
SRC: 149 255 135  PROV: 13 100 202
SRC: 149 255 135  PROV: 58 192 97
SRC: 149 255 135  PROV: 166 212 212
SRC: 149 255 135  PROV: 188 12 141
SRC: 149 255 135  PROV: 231 208 248
SRC: 149 255 135  PROV: 145 142 126
SRC: 149 255 135  PROV: 38 174 139
SRC: 149 255 135  PROV: 15 155 138
SRC: 149 255 135  PROV: 184 193 228
SRC: 149 255 135  PROV: 138 138 4
SRC: 149 255 135  PROV: 242 97 86
SRC: 149 255 135  PROV: 89 176 67
SRC: 149 255 135  PROV: 42 226 55
SRC: 149 255 135  PROV: 207 97 157
SRC: 149 255 135  PROV: 180 153 222
SRC: 149 255 135  PROV: 67 244 101
SRC: 149 255 135  PROV: 231 221 158
SRC: 149 255 135  PROV: 11 189 243
SRC: 149 255 135  PROV: 24 1 206
SRC: 181 64 25  PROV: 122 18 154
SRC: 181 64 25  PROV: 156 92 195
SRC: 181 64 25  PROV: 231 72 177
SRC: 204 116 69  PROV: 199 67 209
SRC: 137 107 59  PROV: 167 181 141
SRC: 224 0 11  PROV: 241 11 79
SRC: 224 0 11  PROV: 16 174 131
SRC: 224 0 11  PROV: 109 9 146
SRC: 224 0 11  PROV: 118 135 232
SRC: 224 0 11  PROV: 146 147 239
SRC: 224 0 11  PROV: 46 152 18
SRC: 224 0 11  PROV: 181 255 187
SRC: 224 0 11  PROV: 144 52 86
SRC: 224 0 11  PROV: 42 161 76
SRC: 224 0 11  PROV: 239 177 9
SRC: 224 0 11  PROV: 72 207 248
SRC: 178 126 62  PROV: 160 101 130
SRC: 112 79 61  PROV: 99 222 18
SRC: 145 114 97  PROV: 250 164 20
SRC: 84 35 47  PROV: 209 35 241
SRC: 84 39 21  PROV: 82 197 21
SRC: 117 130 124  PROV: 232 245 235
SRC: 137 113 100  PROV: 253 29 220
SRC: 96 17 58  PROV: 252 167 83
SRC: 96 17 58  PROV: 80 0 188
SRC: 96 17 58  PROV: 99 145 129
SRC: 155 116 69  PROV: 161 196 12
SRC: 168 45 8  PROV: 115 5 200
SRC: 153 88 61  PROV: 68 191 33
SRC: 153 88 61  PROV: 128 92 127
SRC: 39 54 196  PROV: 144 70 79
SRC: 39 54 196  PROV: 224 232 251
SRC: 72 73 0  PROV: 218 174 237
SRC: 72 73 0  PROV: 232 1 145
SRC: 198 117 103  PROV: 118 76 80
SRC: 97 125 163  PROV: 238 251 150
SRC: 47 48 0  PROV: 187 119 205
SRC: 47 48 0  PROV: 71 43 96
SRC: 47 48 0  PROV: 253 130 185
SRC: 47 48 0  PROV: 72 231 68
SRC: 47 48 0  PROV: 147 196 106
SRC: 47 48 0  PROV: 71 132 151
SRC: 132 96 51  PROV: 208 146 54
SRC: 105 39 165  PROV: 153 88 176
SRC: 242 211 157  PROV: 12 65 112
SRC: 204 146 102  PROV: 147 184 226
SRC: 204 146 102  PROV: 154 39 111
SRC: 204 146 102  PROV: 139 249 131
SRC: 204 177 89  PROV: 208 152 137
SRC: 204 177 89  PROV: 214 112 234
SRC: 204 177 89  PROV: 5 235 17
SRC: 204 177 89  PROV: 201 115 106
SRC: 204 177 89  PROV: 140 116 95
SRC: 204 177 89  PROV: 185 87 90
SRC: 204 177 89  PROV: 187 137 198
SRC: 188 62 20  PROV: 253 114 15
SRC: 188 62 20  PROV: 232 127 157
SRC: 109 100 117  PROV: 233 25 221
SRC: 71 80 165  PROV: 104 172 57
SRC: 99 6 0  PROV: 210 161 27
SRC: 99 6 0  PROV: 145 100 239
SRC: 99 6 0  PROV: 15 96 30
SRC: 99 6 0  PROV: 183 254 20
SRC: 99 6 0  PROV: 244 170 59
SRC: 216 54 0  PROV: 48 206 254
SRC: 216 54 0  PROV: 214 213 199
SRC: 28 39 142  PROV: 81 42 2
SRC: 28 39 142  PROV: 11 55 24
SRC: 175 43 0  PROV: 112 104 117
SRC: 99 63 114  PROV: 233 37 131
SRC: 109 147 117  PROV: 226 219 173
SRC: 163 89 117  PROV: 196 244 94
SRC: 22 32 114  PROV: 252 219 0
SRC: 226 142 77  PROV: 243 250 253
SRC: 226 142 77  PROV: 19 188 193
SRC: 226 142 77  PROV: 201 139 183
SRC: 206 51 0  PROV: 126 211 72
SRC: 206 99 64  PROV: 157 254 223
SRC: 60 68 140  PROV: 145 118 232
SRC: 206 158 0  PROV: 196 167 205
SRC: 206 158 0  PROV: 162 251 248
SRC: 206 158 0  PROV: 148 220 212
SRC: 206 158 0  PROV: 5 182 205
SRC: 206 158 0  PROV: 97 242 75
SRC: 206 158 0  PROV: 17 252 187
SRC: 206 158 0  PROV: 129 63 135
SRC: 206 158 0  PROV: 27 36 25
SRC: 206 158 0  PROV: 73 23 221
SRC: 206 158 0  PROV: 119 131 60
SRC: 206 158 0  PROV: 15 209 162
SRC: 206 158 0  PROV: 124 109 121
SRC: 206 158 0  PROV: 40 193 44
SRC: 206 158 0  PROV: 127 57 37
SRC: 206 158 0  PROV: 234 62 208
SRC: 206 158 0  PROV: 212 59 150
SRC: 206 158 0  PROV: 168 155 227
SRC: 206 158 0  PROV: 210 201 33
SRC: 206 158 0  PROV: 186 47 187
SRC: 206 158 0  PROV: 205 56 28
SRC: 178 103 62  PROV: 116 78 174
SRC: 52 140 158  PROV: 27 221 219
SRC: 52 140 158  PROV: 44 79 15
SRC: 52 140 158  PROV: 18 15 181
SRC: 183 144 80  PROV: 55 134 54
SRC: 110 112 0  PROV: 6 33 253
SRC: 110 112 0  PROV: 234 74 118
SRC: 110 112 0  PROV: 77 106 11
SRC: 204 145 114  PROV: 154 238 38
SRC: 204 145 114  PROV: 61 63 50
SRC: 153 53 0  PROV: 158 201 155
SRC: 216 101 62  PROV: 42 246 201
SRC: 44 120 137  PROV: 74 48 41
SRC: 44 120 137  PROV: 106 226 37
SRC: 44 120 137  PROV: 243 120 39
SRC: 44 120 137  PROV: 82 91 155
SRC: 181 63 0  PROV: 240 246 234
SRC: 181 63 0  PROV: 56 180 128
SRC: 181 63 0  PROV: 149 0 199
SRC: 181 63 0  PROV: 113 69 42
SRC: 158 124 105  PROV: 55 236 19
SRC: 204 171 155  PROV: 82 97 238
SRC: 188 133 81  PROV: 45 14 36
SRC: 188 133 81  PROV: 49 94 33
SRC: 204 93 34  PROV: 202 188 79
SRC: 204 93 34  PROV: 99 146 25
SRC: 183 171 152  PROV: 102 75 234
SRC: 183 131 47  PROV: 61 82 44
SRC: 183 131 47  PROV: 84 16 73
SRC: 183 131 47  PROV: 21 242 173
SRC: 183 131 47  PROV: 234 98 194
SRC: 204 97 40  PROV: 63 202 244
SRC: 198 105 47  PROV: 127 149 171
SRC: 198 105 47  PROV: 18 45 84
SRC: 72 39 150  PROV: 102 254 89
SRC: 72 39 150  PROV: 227 113 36
SRC: 204 125 108  PROV: 245 243 32
SRC: 15 43 96  PROV: 7 236 184
SRC: 175 67 0  PROV: 130 201 87
SRC: 175 67 0  PROV: 211 243 103
SRC: 110 78 105  PROV: 98 214 83
SRC: 110 78 105  PROV: 156 219 133
SRC: 110 78 105  PROV: 235 110 105
SRC: 58 112 0  PROV: 185 249 104
SRC: 188 198 197  PROV: 113 232 238
SRC: 188 198 197  PROV: 125 164 101
SRC: 188 198 197  PROV: 74 152 56
SRC: 188 198 197  PROV: 64 47 209
SRC: 188 198 197  PROV: 203 212 156
SRC: 188 198 197  PROV: 85 241 2
SRC: 188 198 197  PROV: 74 241 111
SRC: 188 198 197  PROV: 19 63 77
SRC: 188 198 197  PROV: 27 69 7
SRC: 188 198 197  PROV: 206 110 8
SRC: 101 78 55  PROV: 150 37 186
SRC: 34 64 99  PROV: 220 212 135
SRC: 22 135 8  PROV: 13 230 219
SRC: 22 135 8  PROV: 147 197 32
SRC: 22 135 8  PROV: 216 221 194
SRC: 22 135 8  PROV: 71 152 41
SRC: 181 104 81  PROV: 75 96 194
SRC: 158 109 83  PROV: 78 161 247
SRC: 137 82 0  PROV: 188 197 50
SRC: 67 99 77  PROV: 254 54 222
SRC: 181 96 70  PROV: 127 96 102
SRC: 168 58 0  PROV: 171 172 53
SRC: 168 58 0  PROV: 235 134 181
SRC: 149 170 135  PROV: 171 89 81
SRC: 165 188 164  PROV: 85 142 115
SRC: 165 188 164  PROV: 83 145 135
SRC: 165 188 164  PROV: 17 205 246
SRC: 165 188 164  PROV: 249 171 44
SRC: 165 188 164  PROV: 118 151 147
SRC: 32 96 64  PROV: 242 251 150
SRC: 97 64 99  PROV: 216 67 159
SRC: 204 141 108  PROV: 147 215 26
SRC: 99 160 69  PROV: 142 37 112
SRC: 99 160 69  PROV: 50 149 13
SRC: 99 160 69  PROV: 235 146 91
SRC: 99 160 69  PROV: 36 136 197
SRC: 179 101 101  PROV: 71 225 182
SRC: 179 101 101  PROV: 190 8 152
SRC: 179 101 101  PROV: 245 103 213
SRC: 183 204 194  PROV: 86 105 217
SRC: 178 62 0  PROV: 76 120 14
SRC: 74 170 135  PROV: 65 0 224
SRC: 74 170 135  PROV: 160 107 183
SRC: 219 181 94  PROV: 212 36 0
SRC: 219 181 94  PROV: 71 148 37
SRC: 219 181 94  PROV: 100 40 144
SRC: 78 65 56  PROV: 150 73 172
SRC: 78 65 56  PROV: 72 99 228
SRC: 53 92 168  PROV: 227 223 163
SRC: 53 92 168  PROV: 212 42 83
SRC: 150 140 135  PROV: 132 172 95
SRC: 35 78 105  PROV: 93 210 49
SRC: 204 91 30  PROV: 204 5 53
SRC: 101 101 101  PROV: 58 176 212
SRC: 101 101 101  PROV: 18 62 122
SRC: 165 65 56  PROV: 191 26 145
SRC: 165 65 56  PROV: 171 175 132
SRC: 179 101 191  PROV: 65 102 189
SRC: 179 101 191  PROV: 236 171 168
SRC: 179 101 191  PROV: 22 232 174
SRC: 179 101 191  PROV: 43 136 59
SRC: 179 101 191  PROV: 148 246 185
SRC: 179 101 191  PROV: 189 156 147
SRC: 179 101 191  PROV: 15 229 52
SRC: 179 101 191  PROV: 247 59 5
SRC: 234 109 93  PROV: 222 10 115
SRC: 165 45 8  PROV: 47 188 231
SRC: 48 106 150  PROV: 84 188 204
SRC: 48 106 150  PROV: 185 116 141
SRC: 48 106 150  PROV: 200 78 149
SRC: 106 255 86  PROV: 236 183 78
SRC: 176 178 119  PROV: 144 24 35
SRC: 176 178 119  PROV: 29 219 126
SRC: 176 178 119  PROV: 255 109 202
SRC: 176 178 119  PROV: 161 54 114
SRC: 7 176 255  PROV: 108 163 225
SRC: 7 176 255  PROV: 204 29 129
SRC: 180 183 0  PROV: 44 15 189
SRC: 175 0 82  PROV: 246 229 255
SRC: 81 81 81  PROV: 149 8 179
SRC: 112 112 112  PROV: 114 227 66
SRC: 99 27 27  PROV: 250 226 24
SRC: 99 27 27  PROV: 151 110 159
SRC: 99 27 27  PROV: 179 242 66
SRC: 47 47 99  PROV: 186 217 107
SRC: 47 47 99  PROV: 21 142 134
SRC: 47 47 99  PROV: 47 123 252
SRC: 47 47 99  PROV: 116 11 57
SRC: 52 65 175  PROV: 77 169 167
SRC: 175 92 80  PROV: 37 191 177
SRC: 116 140 122  PROV: 104 184 194
SRC: 47 151 99  PROV: 127 255 67
SRC: 97 146 118  PROV: 214 254 161
SRC: 204 140 122  PROV: 215 32 69
SRC: 204 204 16  PROV: 237 207 154
SRC: 204 204 16  PROV: 130 119 11
SRC: 150 146 118  PROV: 1 130 3
SRC: 23 104 44  PROV: 213 90 236
SRC: 23 104 44  PROV: 104 107 49
SRC: 16 76 32  PROV: 38 30 60
SRC: 128 62 145  PROV: 120 224 120
SRC: 128 62 145  PROV: 201 25 80
SRC: 128 62 145  PROV: 133 54 47
SRC: 31 62 145  PROV: 21 160 127
