1     "UNCOLONISED"     51 146  90
2     "UNCOLONISED"     10 108  37
3     "UNCOLONISED"    239 118 240
4     "UNCOLONISED"     76  29  36
5     "UNCOLONISED"    140 202  46
6     "UNCOLONISED"     26 232 118
7     "UNCOLONISED"     96 226 105
8     "UNCOLONISED"    201  35 112
9     "UNCOLONISED"    192  20 247
10    "UNCOLONISED"    174  34 104
11    "UNCOLONISED"      0 182  46
12    "UNCOLONISED"     32  59 179
13    "UNCOLONISED"    120  28  98
14    "UNCOLONISED"    114 196 166
15    "UNCOLONISED"    123 157 233
16    "UNCOLONISED"    252  17 150
17    "UNCOLONISED"     95 141  24
18    "UNCOLONISED"     17 121 218
19    "UNCOLONISED"    122  65  70
20    "UNCOLONISED"      7  80 198
21    "UNCOLONISED"     33  16 198
22    "UNCOLONISED"     51 236 175
23    "UNCOLONISED"    169  78 238
24    "UNCOLONISED"    236 161 236
25    "UNCOLONISED"    103  81  20
26    "UNCOLONISED"    134 198 209
27    "UNCOLONISED"    178 110 141
28    "UNCOLONISED"     86 176 179
29    "UNCOLONISED"    221 250 174
30    "UNCOLONISED"    178 180 232
31    "UNCOLONISED"     63  75 205
32    "UNCOLONISED"    239  40 198
33    "UNCOLONISED"     45 182  63
34    "UNCOLONISED"     99  96 161
35    "UNCOLONISED"    252 144  89
36    "UNCOLONISED"     99 178 208
37    "UNCOLONISED"      2  48 113
38    "UNCOLONISED"     68 116 166
39    "UNCOLONISED"    147 233 219
40    "UNCOLONISED"     91 250 122
41    "UNCOLONISED"      6  18 238
42    "UNCOLONISED"    254 155 162
43    "UNCOLONISED"    175 255 255
44    "UNCOLONISED"    131 170 113
45    "UNCOLONISED"    228   7  99
46    "UNCOLONISED"     61 127  62
47    "UNCOLONISED"    250 126 110
48    "UNCOLONISED"    132 110  94
49    "UNCOLONISED"     71 185 120
50    "UNCOLONISED"    172 204  39
51    "UNCOLONISED"     31  15 213
52    "UNCOLONISED"     11 239 237
53    "UNCOLONISED"    217 212 217
54    "UNCOLONISED"    245  43   5
55    "UNCOLONISED"    201  94 220
56    "UNCOLONISED"    192 216 199
57    "UNCOLONISED"     69   2  49
58    "UNCOLONISED"    195  73 134
59    "UNCOLONISED"    163  22  47
60    "UNCOLONISED"     80 212 151
61    "UNCOLONISED"     54 238  42
62    "UNCOLONISED"    191 206  81
63    "UNCOLONISED"     86 224 120
64    "UNCOLONISED"    101 142   9
65    "UNCOLONISED"     87  66 111
66    "UNCOLONISED"    150 103  20
67    "UNCOLONISED"    142 104  99
68    "UNCOLONISED"    169 176 199
69    "UNCOLONISED"     81 169 170
70    "UNCOLONISED"    242 189 120
71    "UNCOLONISED"    246  88 154
72    "UNCOLONISED"    199 229 123
73    "UNCOLONISED"    209 205 135
74    "UNCOLONISED"    125 124  39
75    "UNCOLONISED"     56  92 199
76    "UNCOLONISED"    106 215 209
77    "UNCOLONISED"    127  90 175
78    "UNCOLONISED"    227  77 205
79    "UNCOLONISED"    254  29 149
80    "UNCOLONISED"     60  50 114
81    "UNCOLONISED"      8 249 206
82    "UNCOLONISED"    205 220  20
83    "UNCOLONISED"    244  70 175
84    "UNCOLONISED"    233 160  10
85    "UNCOLONISED"     22  87 142
86    "UNCOLONISED"    230 212 167
87    "UNCOLONISED"    196 130 192
88    "UNCOLONISED"     26 204  67
89    "UNCOLONISED"     83  28 154
90    "UNCOLONISED"    217 222  49
91    "UNCOLONISED"     24 124 114
92    "UNCOLONISED"    122  96 200
93    "UNCOLONISED"    106 245 157
94    "UNCOLONISED"     82 166  92
95    "UNCOLONISED"    156 222 112
96    "UNCOLONISED"    181   7  67
97    "UNCOLONISED"      5 139  64
98    "UNCOLONISED"    249 214 210
99    "UNCOLONISED"    250  83 100
100   "UNCOLONISED"    116 107  95
101   "UNCOLONISED"    209 138  48
102   "UNCOLONISED"    123  26  63
103   "UNCOLONISED"    221 133 249
104   "UNCOLONISED"     99  56 200
105   "UNCOLONISED"    118 155  22
106   "UNCOLONISED"    129  27  78
107   "UNCOLONISED"    240  32 219
108   "UNCOLONISED"     44  23  39
109   "UNCOLONISED"    160 106 157
110   "UNCOLONISED"    183 132 168
111   "UNCOLONISED"    220 206 178
112   "UNCOLONISED"    121 181  39
113   "UNCOLONISED"    249 162 112
114   "UNCOLONISED"    199   0 249
115   "UNCOLONISED"     77  58  43
116   "UNCOLONISED"    246 186 115
117   "UNCOLONISED"     45 236  58
118   "UNCOLONISED"     92  58 234
119   "UNCOLONISED"    237  14 240
120   "UNCOLONISED"     77 211 181
121   "UNCOLONISED"    229 244 164
122   "UNCOLONISED"     32 220  40
123   "UNCOLONISED"    104 244 171
124   "UNCOLONISED"     41 169 153
125   "UNCOLONISED"    204 100  91
126   "UNCOLONISED"    190 145  92
127   "UNCOLONISED"    103 153   8
128   "UNCOLONISED"     52 232 200
129   "UNCOLONISED"    142 232   8
130   "UNCOLONISED"    225   3  50
131   "UNCOLONISED"    150 166 176
132   "UNCOLONISED"     25  57 238
133   "UNCOLONISED"    213  40  86
134   "UNCOLONISED"     51 222  83
135   "UNCOLONISED"    159 197  79
136   "UNCOLONISED"    131  72 182
137   "UNCOLONISED"     74 210 241
138   "UNCOLONISED"     95 204 107
139   "UNCOLONISED"     44 163 143
140   "UNCOLONISED"     28 192 201
141   "UNCOLONISED"    154 142 129
142   "UNCOLONISED"     16 120  36
143   "UNCOLONISED"    233 232  27
144   "UNCOLONISED"    144  74 210
145   "UNCOLONISED"    111   8 179
146   "UNCOLONISED"    241 140  41
147   "UNCOLONISED"    128  65 158
148   "UNCOLONISED"    136 146 125
149   "UNCOLONISED"    115 234  49
150   "UNCOLONISED"    171 178  36
151   "UNCOLONISED"    156  87 193
152   "UNCOLONISED"    176  66 116
153   "UNCOLONISED"     81 223 165
154   "UNCOLONISED"    235 151 193
155   "UNCOLONISED"    231 214  49
156   "UNCOLONISED"    177   6  97



157   101  78 204    180 145 187



158   224  72  67     89 228 169



159   120  78 114     12 103 151



160   155  51  46     56 134 239
161   155  51  46     70 172  28
162   155  51  46    162  67 136
163   155  51  46    182 182 158
164   155  51  46    238 112 201



165   198 213 255    179 218 116
166   198 213 255    112  97   8
167   198 213 255    144 110 241
168   198 213 255    126 108 154
169   198 213 255    164 198 109
170   198 213 255    109 230 212
171   198 213 255     67  56  59
172   198 213 255    146  38  12
173   198 213 255    196  26 177
174   198 213 255     68 127 150
175   198 213 255    123 192  38
176   198 213 255    214  72 201
177   198 213 255    191 128 237
178   198 213 255    159 213 250
179   198 213 255    227 176  92
180   198 213 255    244 125 126
181   198 213 255     62 165 201
182   198 213 255     43 148 170
183   198 213 255     37 179 137
184   198 213 255    151 111 211
185   198 213 255    237  50 242
186   198 213 255    144 101  80
187   198 213 255    235 116  88
188   198 213 255    105 202 116
189   198 213 255    117 209  17
190   198 213 255    122 244 151
191   198 213 255    225 158 114
192   198 213 255     22  56  12
193   198 213 255    131  47 209
194   198 213 255    147 236  42
195   198 213 255    177 218 130
196   198 213 255     71 100  69
197   198 213 255    192 244 221
198   198 213 255    135 246 179
199   198 213 255      5 211  52
200   198 213 255    167 248 202
201   198 213 255    215 205 223
202   198 213 255    255 190 222
203   198 213 255    138  54  50
204   198 213 255    226 158  69
205   198 213 255    115  99 131
206   198 213 255    166 238  85
207   198 213 255    232 171  38
208   198 213 255    161   3  98
209   198 213 255     62  98 114
210   198 213 255     40  49 194
211   198 213 255    202 221 188
212   198 213 255    144 208 202
213   198 213 255    227 115  88
214   198 213 255     46  50 208
215   198 213 255    221 120 157
216   198 213 255     89 175  41
217   198 213 255     13  66 223
218   198 213 255    100 156  42
219   198 213 255    201  38 117
220   198 213 255    166  77  41
221   198 213 255    102 121 178
222   198 213 255    116  24 123
223   198 213 255     58 146 238
224   198 213 255     35  82 117
225   198 213 255    154 196 124
226   198 213 255      9  81 109
227   198 213 255    219 101 179
228   198 213 255    122 107 184
229   198 213 255     82 204 231
230   198 213 255    205 243 171
231   198 213 255     85  76 110
232   198 213 255     86  65 155
233   198 213 255     58  60 157
234   198 213 255    107 169 223
235   198 213 255     85 241 203
236   198 213 255     97 127 203
237   198 213 255    251 191  75
238   198 213 255    142  27 180
239   198 213 255    131 253 115
240   198 213 255     70 209 241
241   198 213 255     66   0 153
242   198 213 255    224 246 214
243   198 213 255    140  29  18
244   198 213 255    176 224 184
245   198 213 255    184 169  51
246   198 213 255     12 228 237
247   198 213 255     26 250  82
248   198 213 255     74  87 203
249   198 213 255      7 102 196
250   198 213 255    189 144 166
251   198 213 255    214  64 222
252   198 213 255    189 226 213
253   198 213 255    220 223 246
254   198 213 255    158 163 171
255   198 213 255    109 153  96
256   198 213 255    181  42 127
257   198 213 255    224 193 115
258   198 213 255     89 202 167
259   198 213 255    137 175 132
260   198 213 255    221 218 118
261   198 213 255    190 182 232
262   198 213 255    152 175  67



263   181  58  54    212  45 243



264    79 119 116    223 157  99



265    66 183  93     33 105 253
266    66 183  93      7 251  44
267    66 183  93    250 191  89
268    66 183  93    101  30 242
269    66 183  93    179 132  94
270    66 183  93     79  91  10
271    66 183  93    164  14  97
272    66 183  93     27   7 204
273    66 183  93     32 178 182
274    66 183  93     29 120 139
275    66 183  93    125 197 180
276    66 183  93    171   4 156
277    66 183  93     17 158 175
278    66 183  93     26 254  86
279    66 183  93     48 144 253
280    66 183  93    191 189  14
281    66 183  93     49 241 244



282   168  54  50    241 151  25



283   224  72 105    105  24 232



284    45  69 102      3 223 204
285    45  69 102     44  88  47
286    45  69 102     77 237 125
287    45  69 102    208   8  31
288    45  69 102     33  20 128
289    45  69 102    171 125  12



290   193  62  58    216 171  44



291   214  69  64     18  11  76



292   201  65  60    196   7 214



293   116  74 105     90   9  52
294   116  74 105     61 125 210
295   116  74 105    216 204  26
296   116  74 105    151  98 119
297   116  74 105    227 169  83
298   116  74 105     39  12  25
299   116  74 105    206 245  52
300   116  74 105     67 208  15



301    76  69  34    240   6  19
302    76  69  34     64   3 172
303    76  69  34    158  50  69
304    76  69  34    116 252  72
305    76  69  34     45 204  31
306    76  69  34     52  14  54
307    76  69  34    243  43 247
308    76  69  34    213 143 204
309    76  69  34     68 165  34
310    76  69  34    172 214  97
311    76  69  34    119 141 245
312    76  69  34     15  54  72
313    76  69  34    224  59 197
314    76  69  34     83   6 215
315    76  69  34    213   2 233
316    76  69  34    206 155 100
317    76  69  34    171  57 181
318    76  69  34    213  73  68
319    76  69  34    184  53 126
320    76  69  34    189 103 205
321    76  69  34     80  75 155
322    76  69  34    220  74  83
323    76  69  34    202 208  96
324    76  69  34    134  71  44
325    76  69  34    122  26  34
326    76  69  34     17 179 173
327    76  69  34    182 126  55
328    76  69  34    211 228  44
329    76  69  34    212  81 245
330    76  69  34     33  47 254
331    76  69  34     39 233 176
332    76  69  34     80 234 120
333    76  69  34      7 156 191
334    76  69  34    182 105 239
335    76  69  34    200 189 117
336    76  69  34    167   3 186
337    76  69  34    191 164  41
338    76  69  34    122  11  45
339    76  69  34     66 164  48
340    76  69  34    131 217 158
341    76  69  34    167  20 224
342    76  69  34     24 192  97
343    76  69  34     66  73 141
344    76  69  34    142  23 205
345    76  69  34    104 151 141
346    76  69  34     59  51  55
347    76  69  34    112  85  53
348    76  69  34    115 105 243
349    76  69  34    175 216 219
350    76  69  34    141  14  88
351    76  69  34    121 117 212
352    76  69  34    221 120 187
353    76  69  34     37 129 118
354    76  69  34    186 252 112
355    76  69  34      7  82  20
356    76  69  34    119 239 206
357    76  69  34    117  61   6
358    76  69  34    107 167  41
359    76  69  34    196 152 160
360    76  69  34    234 122 215
361    76  69  34     73 183  56
362    76  69  34     75 187  46
363    76  69  34     91 241  35
364    76  69  34    226 194 130
365    76  69  34     77 153 182
366    76  69  34      6 226  41
367    76  69  34    118   7  70
368    76  69  34     10 114 121
369    76  69  34     43 142  42
370    76  69  34     69 199 198
371    76  69  34    194 133 182
372    76  69  34     12  53 102
373    76  69  34    142  65  63
374    76  69  34    180  19 174
375    76  69  34    231  23  28
376    76  69  34    146 182 244
377    76  69  34     32  92 161
378    76  69  34    252 115 141
379    76  69  34    145 102  35
380    76  69  34     72 159 206
381    76  69  34    141 138 249
382    76  69  34    202 144  13
383    76  69  34    106  29 118
384    76  69  34    216 155 159
385    76  69  34    126 117 242
386    76  69  34    199  22 217



387    62 151 105     30 232 192
388    62 151 105    236  85  17
389    62 151 105    158 201  54
390    62 151 105    158 174 155
391    62 151 105     86 112 171
392    62 151 105     49 119 206



393   138 183  93    153  48 114



394   104  54  49    250   5 255
395   104  54  49    189  96 225
396   104  54  49     79 172 131
397   104  54  49     24  84  78
398   104  54  49    133 195 175
399   104  54  49    255  99  14
400   104  54  49    242 159 216



401   224 151 105    199 225 119



402   101 204 204    234 149  85
403   101 204 204    197  36 221
404   101 204 204    196 250 121
405   101 204 204     80 129 150
406   101 204 204    212  36 156
407   101 204 204    187  77 247
408   101 204 204    112 104  17
409   101 204 204     93 222  86



410    93  73 104    237  27  47
411    93  73 104    139 137   7
412    93  73 104    161 147  74
413    93  73 104    154 164  98
414    93  73 104    225  38 184
415    93  73 104    224 131 185
416    93  73 104      2  39 207
417    93  73 104    177 124 100
418    93  73 104     89 238 227
419    93  73 104    100 229 183
420    93  73 104     60 206  74
421    93  73 104     77  19   8
422    93  73 104      1  30  90
423    93  73 104    194  90 171
424    93  73 104    252  50 103
425    93  73 104     24  17 247
426    93  73 104    130  97 199
427    93  73 104    165 141  65
428    93  73 104    234 255 207
429    93  73 104    189  35 221
430    93  73 104    137  98 213
431    93  73 104    183  40  34
432    93  73 104    179 223  46
433    93  73 104    231 242 100
434    93  73 104    191 203  47
435    93  73 104    163 214 250



436   193 159  36      1 124  46
437   193 159  36     65  41  55
438   193 159  36    206  71 128
439   193 159  36     20  65 115
440   193 159  36    125 130 122
441   193 159  36    116 116   1
442   193 159  36     99 129 114
443   193 159  36    181  21  56
444   193 159  36    212 154 189
445   193 159  36     44 124 108
446   193 159  36     39  35 176
447   193 159  36     48 252 243
448   193 159  36    176 113 160
449   193 159  36     20 236  34
450   193 159  36    197 216 228
451   193 159  36     47 160  79
452   193 159  36    187 175 208
453   193 159  36    214 111 208
454   193 159  36    232  75 185
455   193 159  36     94 173 248
456   193 159  36    161   1 246
457   193 159  36     28 176  30
458   193 159  36     58  38 219
459   193 159  36    102 205 151
460   193 159  36     11  16 189
461   193 159  36    146  89 184
462   193 159  36    103  20 242
463   193 159  36    244 170 215
464   193 159  36    164 135 208
465   193 159  36    226  21  73
466   193 159  36     24 191 171
467   193 159  36    177 240  99
468   193 159  36     23  17 218
469   193 159  36    182 143 123
470   193 159  36    248 211 176
471   193 159  36     72  72 229
472   193 159  36     16  89 132
473   193 159  36    186 113 248
474   193 159  36    179 250 172
475   193 159  36    100  95   9
476   193 159  36     55  10 123
477   193 159  36    153 102 109
478   193 159  36    242 222  72
479   193 159  36    175 221 120
480   193 159  36     57 205 104
481   193 159  36    251  25 130
482   193 159  36     97  43  49
483   193 159  36    212 111 222
484   193 159  36    191  78 246
485   193 159  36    142  52 227
486   193 159  36    170 139  15
487   193 159  36    126 190 230
488   193 159  36    117  55 209
489   193 159  36    250  98  59
490   193 159  36    119 168 144
491   193 159  36     87 117  57
492   193 159  36      5  51 161
493   193 159  36    235  77  52
494   193 159  36    116  46  91
495   193 159  36     11  63 130
496   193 159  36     26 237  19
497   193 159  36     12 161 121
498   193 159  36     75 198  30
499   193 159  36     67 199 109
500   193 159  36     94  15 209
501   193 159  36      6   8 180
502   193 159  36    167  29 130
503   193 159  36    170 184 164
504   193 159  36    124  68 133
505   193 159  36    133  44 145
506   193 159  36     50 219  49
507   193 159  36    236 187 209
508   193 159  36     31  55 219
509   193 159  36     52 185 185
510   193 159  36    151 173 215
511   193 159  36    179 124 159
512   193 159  36    241 146 124
513   193 159  36    189  89 216
514   193 159  36    129  60  30
515   193 159  36    168 165 185
516   193 159  36    157   0  20
517   193 159  36    202 182 152
518   193 159  36    155  51 177
519   193 159  36    120 225 202
520   193 159  36    206  43  77
521   193 159  36      7 124 164
522   193 159  36    142  61  59
523   193 159  36    205 219 124



524   105  78 114     47 191 209



525    15 115 191     30  84 167
526    15 115 191      6   5 102
527    15 115 191     81  61 122
528    15 115 191    105 102  77
529    15 115 191    186 234  74
530    15 115 191    174  54 220
531    15 115 191    175 178 110
532    15 115 191     41 202 105
533    15 115 191    133 233  58
534    15 115 191     47 121  73



535    76  69  85    146 229   3
536    76  69  85     23 151 210



537    51  78 114     42 250  32
538    51  78 114     54 122  88



539   219 204 201    164 128 228
540   219 204 201    224 119  49
541   219 204 201     84 202 167
542   219 204 201    108 227 178
543   219 204 201    145  46 188
544   219 204 201     46  20  49
545   219 204 201    174   1 122
546   219 204 201    124  95   3
547   219 204 201      2 153  53
548   219 204 201    171  26 125
549   219 204 201    225  75  68
550   219 204 201     16 153 244
551   219 204 201    162 109 250
552   219 204 201      2  50 191
553   219 204 201    153  83 174
554   219 204 201    212  59  50
555   219 204 201     29  84 181
556   219 204 201    221   8 163
557   219 204 201    129 196 101
558   219 204 201    114 240 102
559   219 204 201     28 248  18



560    37  56  84    233  71 210
561    37  56  84     67  71  18
562    37  56  84    149  99  60
563    37  56  84     75   5 186
564    37  56  84    206 152 248
565    37  56  84    137 136  96
566    37  56  84    232  62  93
567    37  56  84     83  37  89
568    37  56  84     56 168 192
569    37  56  84    255  49 251
570    37  56  84     20  44 117
571    37  56  84    225   2 153
572    37  56  84    209  31 211
573    37  56  84     79 237 139
574    37  56  84    197 215  46
575    37  56  84    158  72  37
576    37  56  84     69 169 220
577    37  56  84     36 103 189
578    37  56  84    165 235  51
579    37  56  84     53 160 168
580    37  56  84     61 241 135
581    37  56  84     40  73  59
582    37  56  84     96  18  46
583    37  56  84     81 182 203
584    37  56  84    100 162 126
585    37  56  84      6  62 175
586    37  56  84    159 246 203
587    37  56  84    156  53  59
588    37  56  84    102 101 107
589    37  56  84    105 241 196
590    37  56  84     14  67 179
591    37  56  84    193 198 161



592    70  74 181    236 230 249



593   136 105  73    251  12  38
594   136 105  73     87 163 146



595    62 167 168    107  21 168
596    62 167 168    162 207 211
597    62 167 168    103  57 126
598    62 167 168     36 192  18
599    62 167 168     68 205 251



600    74 186 211     50 203 164
601    74 186 211     88  37 119
602    74 186 211     33  70 222
603    74 186 211    248 151  69
604    74 186 211     71 133  22
605    74 186 211    121 121 187
606    74 186 211    248 222 160
607    74 186 211     48  31  48
608    74 186 211    139 167 211
609    74 186 211    115 224 247
610    74 186 211     84  52   4
611    74 186 211    152  16 102



612   135 135 105    169 220 136



613   176 161 196    243   4 211
614   176 161 196    223 243 180
615   176 161 196    217  19 147
616   176 161 196     76 207 221
617   176 161 196    161 145 252
618   176 161 196     68 196  90
619   176 161 196    160 212  98
620   176 161 196     30  42 126
621   176 161 196     42  49  27
622   176 161 196     46  83 161
623   176 161 196    150 253 124
624   176 161 196    202 151  22
625   176 161 196     56 142 219
626   176 161 196     72  75  52
627   176 161 196    101  57 140
628   176 161 196    251 195  79
629   176 161 196    117  83 231
630   176 161 196     59  85 189
631   176 161 196    186  51  62
632   176 161 196     92  87 212
633   176 161 196    140  44 233
634   176 161 196    179  29 232
635   176 161 196     62 149  60
636   176 161 196    151 254  79
637   176 161 196     39 194 141
638   176 161 196     91  77  95
639   176 161 196    156  10  48
640   176 161 196     86  98 108
641   176 161 196    242 193 124
642   176 161 196    221 145 204
643   176 161 196    127  61 198
644   176 161 196     69  47 212
645   176 161 196    152 210  98
646   176 161 196    227 146 218
647   176 161 196    145 215 167
648   176 161 196     13  15  51
649   176 161 196    194 161 233
650   176 161 196     25 251  52
651   176 161 196    126 133 127
652   176 161 196     91 172  51
653   176 161 196     27 217 188
654   176 161 196     41 119 133
655   176 161 196    239 241 248
656   176 161 196    216 177 127
657   176 161 196     78  35 134
658   176 161 196    189 177 119
659   176 161 196    143 197 189
660   176 161 196     47 202 194
661   176 161 196      7  43 241
662   176 161 196    129  83 181
663   176 161 196     10 172 120
664   176 161 196     11 160 165
665   176 161 196    238 155 167
666   176 161 196     32   8 233
667   176 161 196      9  80 212
668   176 161 196     22 223 213
669   176 161 196    176  31  85
670   176 161 196     66 122 190
671   176 161 196     56  93 125
672   176 161 196    251  48 251
673   176 161 196    246  96 163
674   176 161 196    149  85 224
675   176 161 196     65 124  28
676   176 161 196    101  63 194
677   176 161 196    108   9  61
678   176 161 196    193  67 247
679   176 161 196    206  90  92
680   176 161 196    254 183 213
681   176 161 196    188 197 206
682   176 161 196    114 239 176
683   176 161 196    139 159 232
684   176 161 196    114  65 223
685   176 161 196    145  63   0



686   136  62  73     83   3 181
687   136  62  73     34 248 106



688   155 120 168    106 137 137
689   155 120 168    149  33 125
690   155 120 168     13  42 177
691   155 120 168     62  14 142
692   155 120 168    146  57 128



693   191  72  72    115  22 242
694   191  72  72     76  14  77
695   191  72  72    137 141 253
696   191  72  72    147 253 109



697    89 155 120    214 200   7
698    89 155 120    187  91  53
699    89 155 120    174  30  99
700    89 155 120     26 126 251
701    89 155 120    104 227 104
702    89 155 120      4 186  20
703    89 155 120     88 109 107
704    89 155 120    207 103 214
705    89 155 120    212  17 192
706    89 155 120    209 216 148
707    89 155 120     50  37 190
708    89 155 120     95  99 166
709    89 155 120    197 253 185
710    89 155 120    206  93  96
711    89 155 120    229 239   7
712    89 155 120    116  29  24
713    89 155 120    230  81 254
714    89 155 120    165 246  35
715    89 155 120     29 119 242
716    89 155 120    184  63 214
717    89 155 120    224 183  57
718    89 155 120      1  76 135
719    89 155 120    133 103  41
720    89 155 120    214 116 138
721    89 155 120     96 220  22
722    89 155 120    140  11  54
723    89 155 120    198 107  86
724    89 155 120    121 102 224



725    70  74  39     14 105  62



726    62  62  73    242 220 220



727    97 105 158    141  43  36
728    97 105 158     75 193 129
729    97 105 158    151   8  93



730   130 119 145    219 107  35
731   130 119 145    131  85  62
732   130 119 145    248  47  25
733   130 119 145    165 102  29
734   130 119 145    245  99 182
735   130 119 145     83 145  79
736   130 119 145     41  91  82
737   130 119 145    226  43  41
738   130 119 145    232 109  64
739   130 119 145    167 139   1
740   130 119 145    137 239 214
741   130 119 145    249   4  44
742   130 119 145     96  53 107
743   130 119 145     43 237 255
744   130 119 145    196 149  82
745   130 119 145    148 154 207
746   130 119 145      8 101 225
747   130 119 145    137  98 243
748   130 119 145    131 250 110
749   130 119 145     96 153 191
750   130 119 145    138 169  78
751   130 119 145    108 148 136
752   130 119 145    114 199 215
753   130 119 145      5 170 165



754   155 167 168    144 169  93
755   155 167 168    127  47 105
756   155 167 168     58 166  54
757   155 167 168     47 121  44
758   155 167 168    198  19 183
759   155 167 168    107 221  65
760   155 167 168    136  68  54
761   155 167 168    136 177 255
762   155 167 168    214 143   8
763   155 167 168    220  73 186
764   155 167 168      5  73 130
765   155 167 168    188 251 201
766   155 167 168    107 201 249
767   155 167 168    124  29 127
768   155 167 168     92  98 196
769   155 167 168    116   3  51
770   155 167 168     47 107  55
771   155 167 168    247   3  58
772   155 167 168     56  56 168
773   155 167 168     91 115 234
774   155 167 168    205  32 107
775   155 167 168    246 168 151
776   155 167 168     67 119 215
777   155 167 168     29 247 151
778   155 167 168    240 146  65
779   155 167 168     37 181  63
780   155 167 168     40 200 253
781   155 167 168     99  55 229
782   155 167 168     66 109  98
783   155 167 168     46 212 222
784   155 167 168    146 215 197
785   155 167 168    217 225 127
786   155 167 168    110  91 122
787   155 167 168    187 178  30
788   155 167 168     43  79 216



789   135  78 105     41 157  16



790   206 140 140     31   7  51
791   206 140 140    120 247 170



792    86  58  58    159 217 225
793    86  58  58    254  22  66
794    86  58  58      0  27  56
795    86  58  58     15  80  45
796    86  58  58    151  33 140
797    86  58  58      2 249 192
798    86  58  58    186  65  51



799   178 128 105     43 102  80



800    79 142  96    191 209 131
801    79 142  96    224 238  52



802    97 151 105    250  38 208



803    99 196  43    118 229 192
804    99 196  43    192 148 112



805    72 158  72     67 160  73
806    72 158  72    104 115 184
807    72 158  72    155 118  38
808    72 158  72     71  21 254
809    72 158  72    213 187 171
810    72 158  72    177 210 151



811    58  39  62     69 197  45



812   158 109  75    253 255 216
813   158 109  75     65 233   3
814   158 109  75    127 240  23



815   255 178   0     31 125 128



816   255 125  56    140 251 169



817   145  98  98     51 213 251
818   145  98  98    124 117 227
819   145  98  98    210  71 202
820   145  98  98    161 180  27
821   145  98  98     83  41  64



822   168 114 114     83  14 165



823    58  97  62     10 207 181
824    58  97  62    229 215 216



825    58  87  62     78 143 124



826    93  74 105    174 100   9



827    93 128 105    114 191 235
828    93 128 105      3  12 141
829    93 128 105    205 180  88



830    74  85 211     57  34 185
831    74  85 211    180 194  24
832    74  85 211    166 254 226
833    74  85 211    124  64 129
834    74  85 211    159 244  95
835    74  85 211    122 131 231
836    74  85 211    120  89 131
837    74  85 211      4 224 160
838    74  85 211    137 131 166



839   216 178  41    112 172   1
840   216 178  41     37 199  27
841   216 178  41     18  62  96
842   216 178  41    162 122  57
843   216 178  41     64 233  17
844   216 178  41     86 243  84
845   216 178  41     79   3 108
846   216 178  41    149 133 194
847   216 178  41    148 226 195
848   216 178  41    182 134 217



849     0   0 120    102 220 110



850   219 149 149     14  77 237



851   247 168 168     24  68 193



852    58  87 119    241  45  84



853   175 155 255      2 114  18
854   175 155 255    181 125 100
855   175 155 255    119 185 181
856   175 155 255    176 146 113
857   175 155 255    205 112   1
858   175 155 255     55 192 209
859   175 155 255     89 236  75
860   175 155 255    159  94 217
861   175 155 255    114 130 231



862   155 255 168     61 193 223
863   155 255 168    108 135  44
864   155 255 168    104  62  56
865   155 255 168    156  81 110



866    85  98  98    115  42  57



867   155 147 168     88  53   4
868   155 147 168    181 219  56
869   155 147 168    245 136  65
870   155 147 168    131 167 138
871   155 147 168    201 161 125
872   155 147 168     50 225 132



873    93 128 195     41 211  11
874    93 128 195     24 224 124
875    93 128 195    106 116  66
876    93 128 195    137 250 199
877    93 128 195    225 219 118
878    93 128 195    220 130 186



879    64  96  47    228  91 253



880    96  60  81    101 208 170



881    85 170 193    201  75  44
882    85 170 193    122  55 238
883    85 170 193    227   0  89
884    85 170 193    112  14 218
885    85 170 193    138 206 218
886    85 170 193    157 170 195



887   197 182 219     18  12   2
888   197 182 219     85  96   0



889   206 190 229    209  15  40



890   255 242   0    239 133 229



891   142 154 158     27  44 161
892   142 154 158    191 111 199
893   142 154 158     70 184 194
894   142 154 158     27 115 252
895   142 154 158    168   9 225
896   142 154 158     89 230 218
897   142 154 158    150 117  83
898   142 154 158    204  31 181
899   142 154 158    101  79 109
900   142 154 158    204 113 228
901   142 154 158    107 238 133
902   142 154 158    173  50 186



903   201 128 195    252 168 239



904   198  47  67    196 185 142



905   234 226   0    111 208   2
906   234 226   0    103  89 182
907   234 226   0     24 190  19
908   234 226   0    236 105 133
909   234 226   0     77 197 118
910   234 226   0    167  62  82



911    86 191 154     99  60 130
912    86 191 154    237  44 114



913    86 188  86    176 120 140
914    86 188  86     21 138  58
915    86 188  86    137 206 232



916    61 108 140    116 173   0



917   219 207  41     66 147 237
918   219 207  41     94 234  25



919   234 193  44     50  29 240
920   234 193  44     42 150 219
921   234 193  44    175 193  69
922   234 193  44     44   7 153
923   234 193  44     12 212  67



924   239  57  81    186 146 171



925   215 198 239    160 172  62



926   201 197 195     41 141 101
927   201 197 195    191 159 140



928    68  63 140    206  76  29



929    85  87 135    192   0 131
930    85  87 135      0  38  40
931    85  87 135    248  39 119
932    85  87 135     18 110 219
933    85  87 135    187 103 190
934    85  87 135     91 124 140
935    85  87 135     95  23 174
936    85  87 135     48 163 143
937    85  87 135     58 140 155
938    85  87 135    231  58  59
939    85  87 135    161  26 219
940    85  87 135    211 150 229
941    85  87 135    233  24 195
942    85  87 135     76  12 225
943    85  87 135    103 219 169
944    85  87 135    166 241 134



945    48 142 142    114 184 226
946    48 142 142     54 155  40
947    48 142 142     93   4 195
948    48 142 142     82  95  30
949    48 142 142    127  21 162
950    48 142 142     79 146 187
951    48 142 142     45  64 212
952    48 142 142    131 138  87
953    48 142 142    188 219 174
954    48 142 142     67 157  69
955    48 142 142    130  58 134
956    48 142 142    227  30 219
957    48 142 142    211 180 176
958    48 142 142    187 101 112
959    48 142 142      6 156 132



960   105 159 175     30 197  87
961   105 159 175    111  74  84
962   105 159 175     98 149 230
963   105 159 175    100  17 120
964   105 159 175    221  42 115



965    93  99 140     58  72  68



966   105 132 165    228 216  83
967   105 132 165     71  68  13
968   105 132 165    204 246 220
969   105 132 165    223  90  42
970   105 132 165    234 217  98
971   105 132 165     89 223 238
972   105 132 165    149 214  59
973   105 132 165      9  41 177
974   105 132 165     32  66 188
975   105 132 165     69 141 198
976   105 132 165    226 115  59
977   105 132 165     98  96 132
978   105 132 165     48 190  13
979   105 132 165    182 248  63
980   105 132 165     95 121 135
981   105 132 165    150 171  77
982   105 132 165    197 248 254
983   105 132 165     87 204   4
984   105 132 165    182 146 201
985   105 132 165     78 179 184
986   105 132 165    137 154  60
987   105 132 165    209 179 191
988   105 132 165    146 104 173
989   105 132 165     54  35 111
990   105 132 165     39  79 112
991   105 132 165    209  87  28
992   105 132 165    157 166 220
993   105 132 165    247 166  28
994   105 132 165     74 194  70
995   105 132 165    255 100 196
996   105 132 165    130 248   2
997   105 132 165     62 231 106



998    62 142  93    156 157 103



999   109 122  57      8 132  99
1000  109 122  57    236   7 201
1001  109 122  57    180 144   4
1002  109 122  57    200 139 127
1003  109 122  57    150  97 163
1004  109 122  57    134 126 221
1005  109 122  57      3  76 149
1006  109 122  57    122  54  56



1007  130 134 255     83 167  47
1008  130 134 255    249   9 230
1009  130 134 255    216 198 199
1010  130 134 255     90  74  61
1011  130 134 255    234 255 178



1012  100 196 109    241  81 145



1013  182 147 109    220 168  69
1014  182 147 109     21 113  56
1015  182 147 109      5  22 213



1016   33  33  33     25   1 135
1017   33  33  33    186 157 185
1018   33  33  33     84  85 213



1019   69 158 158     80 148  69
1020   69 158 158     27 196 117



1021   96  94  92     29  80 206
1022   96  94  92    195 162 189



1023  255 142 245    118  38 171



1024   97  78  70    161  69   3
1025   97  78  70    175 107  48



1026   69  82  93     11   2 156



1027  255 142  93     32 117 178



1028   97 124  70     87  46 221



1029   59  70  99     28 153 135
1030   59  70  99    217  31  28



1031   85  85 193    249  44   5
1032   85  85 193    231  42 174
1033   85  85 193     13 132 128
1034   85  85 193    214 165 232
1035   85  85 193    172 247  79
1036   85  85 193    251 228  32
1037   85  85 193     45 216 197
1038   85  85 193    173  61 170
1039   85  85 193    229 127  57
1040   85  85 193     63   6 221
1041   85  85 193     40  63   1
1042   85  85 193      9 148  14
1043   85  85 193     76 111 112
1044   85  85 193     94  59 146
1045   85  85 193    167  99 221



1046   68  68 153    148  82 190



1047  234 230 121    142 114 157
1048  234 230 121      0  46 231
1049  234 230 121     86 240   6
1050  234 230 121    249  36 100
1051  234 230 121     84  51 108



1052  176 178 255    211 137 136
1053  176 178 255    223 144  36
1054  176 178 255    227 179 171
1055  176 178 255     74  92 134
1056  176 178 255    127 247  32



1057  198 144 111    236 237 229
1058  198 144 111    252 170  62
1059  198 144 111     26 152 150



1060  234 205  93    176  34  89
1061  234 205  93     41 179 241
1062  234 205  93    240 180 199



1063   55  90 137    111 146  72
1064   55  90 137     17 182 222



1065  135 155  96     64 139 243



1066   97 211  97    104 124 242
1067   97 211  97    243 244  70
1068   97 211  97     75  93  89
1069   97 211  97    220  34 151
1070   97 211  97     16 173 105



1071   69 103 142     81 105  58
1072   69 103 142     10 193 118
1073   69 103 142    167  32 134



1074   41  99 140    145 240 214



1075   79 104 137     52 156 208
1076   79 104 137    249 142 222
1077   79 104 137     76  50 108
1078   79 104 137    152 241 228
1079   79 104 137     70  55 177



1080  117 113  85    194 110  61
1081  117 113  85    118   1 243
1082  117 113  85    205  90  62



1083  153  74  43     50 229 137
1084  153  74  43     15  11  61
1085  153  74  43    208  56 198
1086  153  74  43    221 214 143
1087  153  74  43    163  80   2
1088  153  74  43    140  17 137
1089  153  74  43      3 130 144
1090  153  74  43    114  16 129
1091  153  74  43     68  36 199
1092  153  74  43    227  41 204
1093  153  74  43    187 138 251
1094  153  74  43     54 178 191
1095  153  74  43    190  11 130
1096  153  74  43    191   0 175
1097  153  74  43    163 251 177
1098  153  74  43    212 103 243
1099  153  74  43    190 175 222
1100  153  74  43    202  62 223
1101  153  74  43    101 126  94
1102  153  74  43    247 218 200
1103  153  74  43    236 188 135
1104  153  74  43    176 144   5
1105  153  74  43    171 191 173
1106  153  74  43     73 181 234
1107  153  74  43    245 220  38
1108  153  74  43     26 159 204
1109  153  74  43     33 104  71



1110  147 176 255    118 163   1
1111  147 176 255    131 185 102
1112  147 176 255    179  22 223
1113  147 176 255    113  36 216
1114  147 176 255     39  78 186



1115  234 205 121     64 255 242



1116  105 158   0     38 160 233



1117   55  62 137     69 158  10



1118  160  56   0      7  98 191
1119  160  56   0    215  87 116
1120  160  56   0     31 232 147
1121  160  56   0     73 128 135
1122  160  56   0    194 137 187



1123  104  90  83    242 109 152



1124  242 185 142     70 153 138
1125  242 185 142     39 117 251
1126  242 185 142      1 109  87
1127  242 185 142     62 236   7
1128  242 185 142     72  92 119
1129  242 185 142    138  40  17
1130  242 185 142    112 186  63
1131  242 185 142     99 125 109
1132  242 185 142    206 221   5
1133  242 185 142     29  67 114
1134  242 185 142    185  26  30



1135   78 164 119     13 205 117
1136   78 164 119    132 198 224
1137   78 164 119    137 113 202



1138   90 122  73    134  55 158



1139  173 193 255    230 132 200



1140   79 137  89     20 194 176
1141   79 137  89    122  92 195



1142  167 136 135    131 189 106
1143  167 136 135    154  78  17
1144  167 136 135     41 124  34
1145  167 136 135    154 176   8
1146  167 136 135     90  85  45
1147  167 136 135    210 214 252
1148  167 136 135    109 158 224
1149  167 136 135    149  23  67
1150  167 136 135    182 171 144



1151  255 133 170     57 199  51



1152   80 122  57    139 211 148
1153   80 122  57     20  59  32



1154  113 153  91     65 106  64



1155  182 174 190    123 202  96



1156  119  94  80     46 198 234



1157  206  75   1    195 200  72
1158  206  75   1    166  59 230
1159  206  75   1     66 139  46
1160  206  75   1      0  33 139
1161  206  75   1     76 104 103
1162  206  75   1    144 203  45
1163  206  75   1     55 180  72
1164  206  75   1    172 143  35
1165  206  75   1     89 197  39
1166  206  75   1    169 194 192



1167  158  74  66      7 240  89
1168  158  74  66    221 186  92
1169  158  74  66    150 139  51



1170  183  93  14    157 204  74



1171   78  78 119     92 234  11
1172   78  78 119     62  78 224



1173  137  48   0    173  99  53
1174  137  48   0     21 148 117
1175  137  48   0    224  76   8
1176  137  48   0    120 245  92
1177  137  48   0     73 249 217
1178  137  48   0    189 197 235
1179  137  48   0     62 193 253
1180  137  48   0     56  89 120
1181  137  48   0     20 248 201
1182  137  48   0     62   8  88
1183  137  48   0     33 244 146
1184  137  48   0     38  38 225
1185  137  48   0    185   9 175
1186  137  48   0     69   9 103
1187  137  48   0     51 143 115
1188  137  48   0    239   6  64



1189   66  67 110    227 216  54
1190   66  67 110    123 114 193
1191   66  67 110     31  60  75
1192   66  67 110     61 163  64
1193   66  67 110     61  16   9
1194   66  67 110    139 238  18
1195   66  67 110    145 168 196
1196   66  67 110    186 169 140
1197   66  67 110    112  90 210
1198   66  67 110     31  40   3



1199   86  61  47     49 124 137



1200  137 114  56     17 193 206



1201  128 155  73     40  98  61



1202   99 198 180    227 202  65
1203   99 198 180    172  99  68
1204   99 198 180    236 151 178
1205   99 198 180     16 211 244



1206  117 178  85    129 127 117



1207  137 109  37    171   7 161



1208  178  94  49    247 214 225
1209  178  94  49    210  86 161
1210  178  94  49    164 242  75



1211  183  93 105    218  20  73



1212  119  87  68    221  39   7



1213  196 163 139     24 151 239



1214  204 119  91    246 205 108
1215  204 119  91    226  52 232
1216  204 119  91     71  54 206
1217  204 119  91    142  64 137
1218  204 119  91     35 186 132
1219  204 119  91    112  17  40



1220  153 103  85    224 174 226



1221   36  44 130    222 252  26
1222   36  44 130    212 102  61
1223   36  44 130     45  87 180
1224   36  44 130     84  56 235
1225   36  44 130    178 118  76
1226   36  44 130    180 122  66
1227   36  44 130    196 175  55
1228   36  44 130     76 128 150



1229  165 130  70    182  88 202



1230   12  17  63    111 161  61
1231   12  17  63    224 197  90
1232   12  17  63    115  49 140
1233   12  17  63    149  77  62
1234   12  17  63    174 133 218
1235   12  17  63     43  68 202
1236   12  17  63    117 244 122
1237   12  17  63    247   0  83
1238   12  17  63     29 210 194



1239  147  78 119     80 213  48



1240  201  74  43    251 117   8
1241  201  74  43    138  26 181



1242   15  22  79    102  50 161
1243   15  22  79    250  36  55



1244  188 133 103    177  94 226
1245  188 133 103    246  72  12
1246  188 133 103     51  79  33
1247  188 133 103    211 220 138
1248  188 133 103     65  90 179
1249  188 133 103    231  52   5



1250   45  63 226     48 212 237
1251   45  63 226    135 166 212
1252   45  63 226     86  20  37



1253  153 116  65      8 136  74



1254   63  26  35      7 109 175
1255   63  26  35    191  46 190
1256   63  26  35    154  54 226
1257   63  26  35      2 239 134
1258   63  26  35     99 195  19



1259  175 164 119     39  30 245
1260  175 164 119    184 107 151
1261  175 164 119    129  19  98
1262  175 164 119    238 130 194
1263  175 164 119    104  34  34
1264  175 164 119     91  93 236
1265  175 164 119     48 160 139
1266  175 164 119     83  83 105
1267  175 164 119     47 227 241



1268  183   0   9     45 184 141
1269  183   0   9    185  63 169
1270  183   0   9     61 226 176
1271  183   0   9     36  12  11
1272  183   0   9    217  38  37



1273   21  30 109    199 157 106
1274   21  30 109     87 218  67
1275   21  30 109    244  72  27



1276   58  74  66     10  82  94
1277   58  74  66      3  98 117



1278  119  32   5     74 228 204
1279  119  32   5     73  66 205
1280  119  32   5    107 230 227
1281  119  32   5     26  59 120
1282  119  32   5    194 172 247
1283  119  32   5    205 164 203
1284  119  32   5    165 141  94
1285  119  32   5    182 209  28
1286  119  32   5    106 220 110
1287  119  32   5     43  25 191
1288  119  32   5    101 241 123
1289  119  32   5    129 208  11
1290  119  32   5    236  32 219



1291  183  49   9     14  75  85
1292  183  49   9     83 190 227
1293  183  49   9     39 225 241



1294  109   0   5    242  33 233
1295  109   0   5     32 230  54
1296  109   0   5     28 157  66
1297  109   0   5     81 176 120
1298  109   0   5     40 138  67
1299  109   0   5     13 148  14
1300  109   0   5    106  59  66
1301  109   0   5    170 232  75
1302  109   0   5     56   6 148
1303  109   0   5    126   0 135
1304  109   0   5    231  64 142



1305  153  56  45    221  50  21
1306  153  56  45    204  64 134
1307  153  56  45     30 212  76
1308  153  56  45     62  89 209



1309  137  96  35    150  58 128



1310  151 120 137    144 226 196
1311  151 120 137    153 187   7
1312  151 120 137     25  47 180
1313  151 120 137    125 170  54



1314  137 178 150     46 151 248
1315  137 178 150    152  95  99



1316  165 117  58     37 110 228
1317  165 117  58     63  46 227



1318  181 111  61     81   9 205



1319  255 135  71    199 108  12



1320   63  55  41     10 191  10



1321   96  62  92    133 111  50



1322   73  42  66    164 228 239
1323   73  42  66    208 139 171



1324   86 173 157    116 206 209



1325  204 168 148    251  24 204



1326  119  56  29    208 210   6



1327  137  81 150     93 105 235



1328  151 168 160     13  70 228



1329  211  57  10     75 212  93



1330  137  57  77    129 126 191



1331  149 255 135     26 174 119
1332  149 255 135    129 208 238
1333  149 255 135     32  78 142
1334  149 255 135     97 146 196
1335  149 255 135    177   7 249
1336  149 255 135    121  24 152
1337  149 255 135     36  48  12
1338  149 255 135     28 184 191
1339  149 255 135    205  29  29
1340  149 255 135    160 200 143
1341  149 255 135      2  37 128
1342  149 255 135     91 157  92
1343  149 255 135     24 156 140
1344  149 255 135    162 140 124
1345  149 255 135    101 215 150
1346  149 255 135    202 234  68
1347  149 255 135     61  45 242
1348  149 255 135     41  12  10
1349  149 255 135    247 242 247
1350  149 255 135     19  73  35
1351  149 255 135    231 124 250
1352  149 255 135    222 246 229
1353  149 255 135     99  32  79
1354  149 255 135    224 103 163
1355  149 255 135    192  52  77
1356  149 255 135    110 242 181
1357  149 255 135     84  12  72
1358  149 255 135    221 236 111



1359  181  64  25    116 254 150
1360  181  64  25    131 172  39
1361  181  64  25    117  96 141



1362  204 116  69    180 133  50



1363  137 107  59    172 134 129



1364  224   0  11    199 206 229
1365  224   0  11    111 198 200
1366  224   0  11     16 219 149
1367  224   0  11     20 118 184
1368  224   0  11    229   3 153
1369  224   0  11    239 235 165
1370  224   0  11    155 154  69
1371  224   0  11     85 122 229
1372  224   0  11    136 245 239
1373  224   0  11    157 120 205
1374  224   0  11      0 107 235



1375  178 126  62     28  58 179



1376  112  79  61     90  80 144



1377  145 114  97     38  23 236



1378   84  35  47    234 250  50



1379   84  39  21     18 100 205



1380  117 130 124      7 190  40



1381  137 113 100     52 117 172



1382   96  17  58      4 242 197
1383   96  17  58    226 160 222
1384   96  17  58     56 234  97



1385  155 116  69    113  58 184



1386  168  45   8    247 252  79



1387  153  88  61     54 154 144
1388  153  88  61    152 126 229



1389   39  54 196    136  19 186
1390   39  54 196    111 196 122



1391   72  73   0    186 252 141
1392   72  73   0    211  36  97



1393  198 117 103     35 169  94



1394   97 125 163     23 244 240



1395   47  48   0     24 113 130
1396   47  48   0    146 137 125
1397   47  48   0    239 168  78
1398   47  48   0    153  55  93
1399   47  48   0    251 163  23
1400   47  48   0    129  86 230



1401  132  96  51    148 185  52



1402  105  39 165    159  56 108



1403  242 211 157     13  62 248



1404  204 146 102     73  53  69
1405  204 146 102    190 136 187
1406  204 146 102    213 162 198



1407  204 177  89    250 236 208
1408  204 177  89    151 211  69
1409  204 177  89     23 192 142
1410  204 177  89    229  30  22
1411  204 177  89    107  88  73
1412  204 177  89     20 216 145
1413  204 177  89     75  10  87



1414  188  62  20    121  87   8
1415  188  62  20     11  44  14



1416  109 100 117    107 241 211



1417   71  80 165      3  18 194



1418   99   6   0     62 250  70
1419   99   6   0    134  18 201
1420   99   6   0     71 199 183
1421   99   6   0    234 130 121
1422   99   6   0    220 175 122



1423  216  54   0    133 183  38
1424  216  54   0     82   6 230



1425   28  39 142    172   5  38
1426   28  39 142    254  33  80



1427  175  43   0    180 196 206



1428   99  63 114     55  87  12



1429  109 147 117    242  70 116



1430  163  89 117     81 252 113



1431   22  32 114    189 227 109



1432  226 142  77    161 102 211
1433  226 142  77    104 240  14
1434  226 142  77    125 234 137



1435  206  51   0     74 193 173



1436  206  99  64     58 221 230



1437   60  68 140    184 172 159



1438  206 158   0     46 150  66
1439  206 158   0      7   6  57
1440  206 158   0    174 104 240
1441  206 158   0    141  37 209
1442  206 158   0     15 169  71
1443  206 158   0    158  95 188
1444  206 158   0    166 176 155
1445  206 158   0    145   7  79
1446  206 158   0    201 208  66
1447  206 158   0    186 117 223
1448  206 158   0    206  96 145
1449  206 158   0    111 253 195
1450  206 158   0      9 181 223
1451  206 158   0      5 243  79
1452  206 158   0    207  35 127
1453  206 158   0    210 175 216
1454  206 158   0    119   1 199
1455  206 158   0     42 133 181
1456  206 158   0     86 164  13



1457  178 103  62    100 202  58



1458   52 140 158    192  97 166
1459   52 140 158    212 212 188



1460  183 144  80     12 141 231



1461  110 112   0    208 248 145
1462  110 112   0    142 126  38



1463  204 145 114    174 139  15
1464  204 145 114    155 138 184



1465  153  53   0    193 228 138



1466  216 101  62    138   4 242



1467   44 120 137     97  86  89
1468   44 120 137    176  67  42
1469   44 120 137    226  55 207



1470  181  63   0     97 157 180
1471  181  63   0    153 222  67
1472  181  63   0    244 101 231
1473  181  63   0    221 158  11



1474  158 124 105    189 243  24



1475  204 171 155      1 206 122



1476  188 133  81     18 154 156
1477  188 133  81     92 195 231



1478  204  93  34     72 177 199
1479  204  93  34     67 209 167



1480  183 171 152    181 141 241



1481  183 131  47     11  79  16
1482  183 131  47    174 131 109



1483  204  97  40      9 146 118



1484  198 105  47    135 232 146
1485  198 105  47    147 239  46



1486   72  39 150    152  18 181
1487   72  39 150    255 187 144



1488  204 125 108     52  86  42



1489   15  43  96    161  76 239



1490  175  67   0    177   9  72
1491  175  67   0    207 248 160



1492  110  78 105    101 130  99



1493   58 112   0    222  18 250



1494  188 198 197    164  20 209
1495  188 198 197     35 241  82
1496  188 198 197    197  21 232
1497  188 198 197    245 235 253
1498  188 198 197     29 220 252
1499  188 198 197    167  83  80
1500  188 198 197      0 188  99
1501  188 198 197    145 129 161



1502  101  78  55    196  12 115



1503   34  64  99      5 200  68



1504   22 135   8    191  33 128
1505   22 135   8     92 127 144
1506   22 135   8     70  79 224
1507   22 135   8    232 251 218



1508  181 104  81    174 237 232



1509  158 109  83      1 145 118



1510  137  82   0     76  80 238



1511   67  99  77    251 150 187



1512  181  96  70    119 205  71



1513  168  58   0     43  96 253
1514  168  58   0    130 185  72



1515  149 170 135    231  68 147



1516  165 188 164    196 106  71
1517  165 188 164    132 151 208
1518  165 188 164    146  54 153
1519  165 188 164     88 176  12
1520  165 188 164     65 112 147



1521   32  96  64    184 226 154



1522   97  64  99     39 111 139



1523  204 141 108    249 131 208



1524   99 160  69    152 137 214
1525   99 160  69    112 234   5
1526   99 160  69    235  17 201



1527  179 101 101    115 106 140
1528  179 101 101    116  95 185



1529  183 204 194     87  90 187



1530  178  62   0    137 198 253



1531   74 170 135    114  15 232
1532   74 170 135    127 157 233



1533  219 181  94     25 221 104
1534  219 181  94    172  57 210
1535  219 181  94    161  27 145
1536  219 181  94    100 239  15



1537   78  65  56     96  30 183
1538   78  65  56    254  20 244



1539   53  92 168    170  59  48
1540   53  92 168    206 254 214



1541  150 140 135    213 199  81



1542   35  78 105     42   2  11



1543  204  91  30     55  24 112



1544  101 101 101    104 117 233
1545  101 101 101     37 131 226



1546  165  65  56    219 173 196
1547  165  65  56    244  94 252



1548  179 101 191    219   0 243
1549  179 101 191    250 253  19
1550  179 101 191    188 193 201
1551  179 101 191    139 183 126
1552  179 101 191    211  72 157
1553  179 101 191    254 223 145
1554  179 101 191    118 232 196
1555  179 101 191    167 205 162



1556  234 109  93    251 248 148



1557  165  45   8    220 212   5



1558   48 106 150    182 205  97
1559   48 106 150    242  75  17
1560   48 106 150    252 187 129



1561  106 255  86     63 135  27



1562  176 178 119     36  25  73
1563  176 178 119     23 221 119
1564  176 178 119    131  60  15
1565  176 178 119    209 162 124



1566    7 176 255    109 121  40
1567    7 176 255    193  44 127



1568  180 183   0     57  37 234



1569  175   0  82     62 208 212



1570   81  81  81     59 150 168



1571  112 112 112    155 227 210



1572   99  27  27    201  33 186
1573   99  27  27     47 187 205



1574   47  47  99     56  28 116
1575   47  47  99     78 174  27
1576   47  47  99    221 219  44
1577   47  47  99     79  15  18



1578   52  65 175     15 181  55



1579  175  92  80    134  54   6



1580  116 140 122     33 253 234



1581   47 151  99     74 118  77



1582   97 146 118    106  11 154



1583  204 140 122    238  38  61



1584  204 204  16     63  50 158
1585  204 204  16    201 155  42



1586  150 146 118    246 201  74



1587   23 104  44     48  41 106
1588   23 104  44    226  37 243



1589   16  76  32    120  39  82



1590  128  62 145     91 155 240
1591  128  62 145    246 234  56
1592  128  62 145    180 128 149



1593   31  62 145      0 199 113